sample	gene_1	gene_2	gene_3	gene_4	gene_5	gene_6	gene_7	gene_8	gene_9	gene_10
sample_1	11.9502773143241	12.3385494498035	12.561900862111	13.1197801809003	14.0555417299093	11.9209641317644	12.4080180641143	12.1758769369498	15.5056203689166	15.6704145762529
sample_2	19.7423335306083	19.325908637963	19.8183700145624	19.605768588437	20.1463785087379	20.1354756913285	19.8245590924268	20.6690200001483	22.7437190391916	22.7650839475503
sample_3	-1.50975150370673	-2.29961601721158	-2.32933375686712	-2.1020116235535	-2.40905530331104	-2.53893991855785	-1.51442574482389	-1.59614621416799	-0.11473310296252	1.25144305796767
sample_4	17.1239281132439	16.5976801205585	17.7484471493211	16.7006102571532	17.3039343494442	17.005567347963	17.7061803021805	18.4575899387647	16.3661211661063	19.3153453350125
sample_5	9.11566870594242	8.80951476341514	9.94690485467881	9.22673357971207	9.22784588535287	8.8592612317611	9.24009076329766	10.7753805279111	9.30954461240015	10.5757792379238
sample_6	8.67720523226716	9.40924826376192	8.69829130643635	9.41147309273969	7.52538109223228	9.32931122861035	9.65690736011533	8.57090647058533	8.62733648345025	8.99991203054463
sample_7	25.0252134551628	24.8220221439604	24.5827648354119	24.6564057302537	23.56275024897	24.160547123263	24.3346348486665	26.0278196770319	24.5291661780381	25.6798447810582
sample_8	12.5026592023696	13.7403971539731	13.6371061797398	13.3399891002942	12.1312363128356	13.5528966852098	14.9756979553579	14.5859524418799	13.3831825574613	16.2409660040082
sample_9	7.61157469394862	7.20830826334746	7.01689563991338	6.7920488979574	7.56807672263565	7.63777146271489	7.98757112511553	10.1925680100117	8.81041694662266	8.00987462047935
sample_10	18.5543068413424	19.5808351245345	18.6716358419982	17.7479664569545	18.887805346043	19.0638419336368	18.3660370738715	19.1350485790412	18.3821721443943	21.339447996166
sample_11	19.861230713685	19.7395815863511	20.0544718940191	18.9673486755412	20.3537137930299	20.6728479665311	18.9117289192661	19.4094979976531	19.2767203188819	20.9625497287218
sample_12	13.9306012642861	14.3391755679612	14.7218591321814	15.0815813036216	13.8079308985778	14.3148423459678	14.8626244579742	14.0158079397196	15.6647829962002	14.1762303213099
sample_13	5.73684064745615	6.67120444876493	6.35756851310321	7.24349902886992	6.99052955546512	5.35492274576453	6.94565278284529	7.45993992647974	7.29243009143023	7.86797584742585
sample_14	0.926502072216064	0.308283690278264	1.4936885863804	-0.186815366566596	1.45633340171002	0.813801177699574	0.798573572616904	2.23131057929378	1.97376288793611	3.39041613717741
sample_15	-1.8184092545122	-3.23877412678048	-2.2503382944906	-2.18240197940375	-3.29680488295705	-0.793246436242786	1.39814674296228	-1.2919932401931	-3.55372198573709	-1.65668490410204
sample_16	-7.19152755496691	-5.42433943704163	-6.19207949198617	-5.61860354634825	-6.52796067579749	-6.04368487716323	-6.55768077988556	-6.5933665288516	-3.63496217017411	-5.72174344968816
sample_17	-11.863296586273	-12.1903262879655	-11.8818429170981	-11.962809802151	-12.5711870879153	-11.3534753140719	-11.5069811225344	-10.2091342755189	-11.7353245313927	-12.357622067907
sample_18	16.5706016887399	15.093575163525	15.9731704139001	15.1104995779932	14.9514425892682	15.865316995852	17.4336307632581	17.1174499729853	15.5443495425092	16.5244856672778
sample_19	-5.99232388602917	-5.10166186895116	-5.31001696753702	-6.35838820251702	-4.9792762999805	-5.71805853948129	-5.13134997179926	-6.34262258133419	-5.98495620355881	-4.34000087612048
sample_20	10.5711933181887	9.59141367070004	9.17693114940745	10.3472359380668	9.07795625277566	10.0307697808322	11.6274436786399	10.399297970032	9.97304297356827	10.9198152374331
sample_21	-1.24825758494238	-1.3020672340526	-2.00852293924821	-1.09602355858296	-1.26171749380319	0.0235842252525078	-1.29887196914973	-0.152946199156892	-0.101728409513592	-1.37787674401629
sample_22	3.40849845616448	3.81995518637518	2.83293753062294	4.05548427376207	2.62566651327858	2.81812876249289	3.34193671312263	4.1079184656647	3.27120697841141	3.21174559870462
sample_23	4.37174027295629	5.65733341794843	4.80442025037314	4.49432615024379	5.09166193706328	5.12217076792437	5.18484087007506	6.26961880596735	4.17174863571713	7.22400169461788
sample_24	12.0484764354312	13.119405995791	11.6524046289404	14.0433723908277	12.940749843296	11.6046253235615	11.8465679303794	11.8488810981659	13.4360000588124	15.097537624545
sample_25	12.7455520177873	13.2754961356563	13.822141570498	14.0453827077481	13.2451470910582	14.489134289437	14.16088685135	14.9460280361822	14.7688372164748	14.5527932978791
sample_26	4.77937647401403	6.36343659125854	5.82199166411834	4.74328099672252	5.18021176989664	5.53036845276932	5.35934709899253	7.3027413313841	6.72588561641769	8.07991860856135
sample_27	-1.37746628211429	-2.09422360723552	-0.592782743383751	-1.05732277195498	-0.826283277652751	-1.07196703962787	-2.44005278366492	-1.28633657161728	2.77267218075918	1.68165606612028
sample_28	10.2343651942616	9.75752316320589	9.31677615405104	10.3025865295258	9.70525564449079	9.46437864437407	12.1206652078606	12.3503771365662	10.6915835699265	10.3652396818106
sample_29	16.4051444799389	16.7694505966668	17.2433703619389	16.5446164643736	17.1665052488758	17.4244390193495	18.5933501631573	17.6553698706431	18.7908216562177	19.5204352091379
sample_30	20.5035892974038	19.8458491493251	19.4764490422811	20.0688837656874	19.9677583834362	21.9782597246975	20.3820621897379	22.3026512632091	22.0962309665423	21.6130957615899
sample_31	11.9599060028798	11.9655890990774	12.3509119640691	11.5442895102198	11.9641181377369	12.0655117625146	12.2663601143499	12.6744669097756	14.2262315301162	12.7599285808468
sample_32	-6.43162657781896	-6.28717065054392	-5.56930771895152	-6.23435906515096	-6.17111364720687	-5.81665413647606	-5.86973947403951	-4.7005361065915	-5.4147674408178	-4.26460626674396
sample_33	1.95728093634876	1.25548147905291	1.41795784781044	1.92761257571119	0.0524751046426486	1.89822501878651	2.46579228907168	3.74022103664844	1.58431367420373	5.17186105197044
sample_34	-11.5975977703654	-11.6743880095686	-11.4456686020803	-11.3901289069658	-11.315713785144	-10.3797759809919	-10.9459667691413	-11.4318287116465	-8.74530270523802	-11.949674398738
sample_35	2.66827497862675	3.56501076069103	3.52621900343181	3.3074034956158	4.14433493648567	3.31988026471807	3.60344058418352	2.58369867975484	5.45511562786234	6.89485631621874
sample_36	8.29086094951793	8.02553218570553	7.06058579175185	9.14172088371479	7.57762517824862	8.57242465185928	8.04642562927203	8.59013354684776	8.61553925549821	9.12638008347752
sample_37	3.4081031613034	2.49400625519766	3.06972772036771	3.68631423969868	3.55848038223031	2.35094613357478	3.8433344913713	5.2722270195223	4.407200768648	6.27570830729708
sample_38	5.92076586837846	5.48979775064742	6.36387820943712	6.20618521001425	4.878763952136	5.58797812408465	4.58964864637248	7.05321251403444	8.19539456751465	6.50453070711614
sample_39	12.4014998504133	10.6487170666013	10.2633479470118	10.4782594070033	10.1544404271282	11.5542064323907	10.6731976107022	10.5782936928011	11.3259986773853	12.6320469419432
sample_40	15.5218199795763	16.0417804056484	16.6817474012402	14.9355364274008	15.0279983060641	15.9403088861314	17.0516124242893	16.184853640354	18.9706068936214	19.1374720456091
sample_41	13.0936548135352	13.0070499663384	12.4072990736974	13.5075175675261	13.5798996811547	14.1069577812754	12.2938890240518	15.3964579807594	16.2428415257645	15.9273082043616
sample_42	3.36916934867662	4.54039236518351	3.93709360999069	4.98175724768722	4.35400138955584	4.25081486993263	4.2155555228113	4.89327634351967	5.34266205701584	5.48087163990213
sample_43	-1.90167336259684	-2.34544210912197	-1.61254229497582	-1.77371070819879	-2.118709437571	-1.64118416472436	-1.87787410239436	-1.86013865176809	-1.19081783080249	-2.10837631827843
sample_44	10.3620862965729	9.97531956013828	10.4309820341764	10.8836677720684	10.3181916531971	9.02040291758706	10.3451388431894	9.87041375390376	9.46455343019255	10.1569017603687
sample_45	13.5078999901445	13.3157490334046	12.7655150880399	12.3011356914208	13.3655922710462	12.7276175668138	12.6719358484413	15.0184571888696	13.0660755657534	14.8137830413884
sample_46	7.82099931486339	7.75473747604876	8.56708943244501	7.53232290228936	7.35800187470203	7.95805780628982	8.28053556098618	8.05681476759733	7.70902649123933	9.27584801923025
sample_47	4.49406628708017	3.94870712543703	3.90665298644973	3.88636183432227	5.15340622842133	4.34594652975976	4.9373328876885	6.82470082575497	4.53912170809139	6.28440187550029
sample_48	-1.52472259391866	-1.64792465372894	-1.97270263560719	-1.4570022988128	-1.81919873099851	-0.699101275814603	-1.47118539321163	-1.29809866363122	-0.500807871387983	-1.19498827306132
sample_49	5.98392085697492	5.931581462782	5.60097195294734	6.10078998564455	5.7093563418874	7.03636760740082	9.01943497168461	8.44727031395343	8.94681711197671	7.39449381267591
sample_50	6.37023106351531	5.48636457306082	6.52631758932555	5.5403096683136	5.60059179277725	5.17847456297538	5.9089801921665	7.87636086008867	6.92868942591625	7.9482795938725
sample_51	1.0655887013017	0.90089050773457	2.80603227638506	3.08011661160002	1.20598655508597	2.56391050368032	0.54459430910399	0.688929432368711	2.62308041283653	3.64231490544295
sample_52	12.951885725262	12.2940729397179	13.190045508667	13.1821814370563	13.6178501113306	12.7562035324291	13.4952375631941	12.2825727087981	12.9168554848175	15.8836318397992
sample_53	0.616069697560145	0.405661259421625	2.25639685201819	-0.120429771578315	1.52673359432319	2.90586692653957	0.958748203785635	1.81652982681741	2.35056125529422	2.76744376580916
sample_54	6.21090562188783	5.88309921484842	5.52198692770703	5.63653612984752	6.36332274135301	5.45216987086524	5.41967961556016	6.77591370157213	7.2975101757173	6.94802763286843
sample_55	17.3165319424749	17.3899784083892	17.3352261263544	17.0343753920793	16.895427381009	16.260033138522	16.4327233573367	18.6668237385757	17.6511376570483	18.3018274809614
sample_56	2.09423017621262	2.24100822380647	3.53563217566163	4.09461732055222	3.4696434074597	3.24040213454937	3.78089935727286	3.52169520184812	4.7606076617556	2.94086500860602
sample_57	21.1436756844928	20.4355945634744	19.6858396139067	20.3168643934748	20.1691100086554	22.0164899530161	20.3470524443713	23.4478309170136	24.6442022908643	22.0642265613006
sample_58	12.1153627755699	10.8177904812478	11.0636007301884	11.8940922768964	10.9011254156682	10.9097888023689	11.4946971717255	12.6894028899981	11.4409502340252	15.2235487556938
sample_59	5.76307556258496	6.9652165145167	6.13687798137211	5.81497508861185	5.56607168511029	4.3580603662851	7.35304240494853	8.26490168660273	7.91513005654704	8.74132244478593
sample_60	20.6358682408776	21.5670612778034	21.1848047444293	21.3792140753995	20.589295370725	20.6555284656574	20.8972170479424	22.0949497960543	21.7802260174288	24.770823352629
sample_61	-4.22594510444254	-4.43638415544729	-3.44436214270636	-4.53833740737128	-2.72374686861845	-1.81716852125619	-3.23296190059531	-4.69649975873483	-2.67677489273642	-2.04951944899748
sample_62	6.36550961149644	7.05027143606285	5.93712141658318	6.45706589911533	6.90663884946653	6.1553495843575	8.14855852918199	7.16528838250463	7.76558404879922	8.66343873677403
sample_63	14.1387209216087	13.4782941805718	13.7826275404995	13.5129138261389	14.8371519068946	12.8465459782973	13.3354934075639	14.585064777769	15.9179116882475	13.6567164835081
sample_64	10.6537017458665	11.3690166837405	11.3113954174386	11.1145775419385	11.4634404434963	11.3769658660946	12.6038949431636	11.0467149595148	13.4342182370939	12.1059527224262
sample_65	20.5971038082444	21.4014019686159	21.8434073888958	20.4913353989366	19.969936757039	20.9274775895479	20.6359033621056	22.2582993047322	23.3924108420651	23.7691530054887
sample_66	13.9542026219098	13.3725186582006	14.5385430423803	15.3616613901268	14.1150522480082	15.062991197954	13.8170460376591	14.0980473298391	14.567430244143	15.2057033621129
sample_67	-2.57887921116917	-3.73292955980105	-3.13023345932064	-2.441803806545	-3.18214024851833	-3.10834789784229	-3.27540492130887	-2.4266051665758	-3.84107486915277	-3.43634971331691
sample_68	4.7788618398103	4.22070972635665	4.29232109864943	3.47896649651815	3.84685618060956	4.77711470240886	3.36771631875264	5.22144638360609	5.72123263838385	5.7479129463119
sample_69	7.60020178876831	8.64242195374968	8.19626634806319	9.59225751281863	7.65936124474673	8.71966757493233	7.93534392867661	8.20533040312749	9.74772308180793	8.26714509850318
sample_70	3.66761993997485	6.89224248424217	5.5981101217599	5.0421169438717	6.6710401000279	6.11748153905943	4.70298263319311	7.08810220601986	8.42139095687941	9.27848055670691
sample_71	5.00299738276513	5.5662167609026	4.88526863718393	5.30129157168753	5.4705688591895	4.65057827325421	6.28271750672124	6.19570240635804	6.52989924035452	8.30780746291034
sample_72	3.50968714723222	3.39481753606893	2.56863716871772	3.17582722484414	3.30512264029574	4.42947765980515	3.79777255552367	5.0881391499975	5.2713641034967	5.1103047477325
sample_73	0.831838900230792	1.71688790786591	1.69021753979216	1.28620470332241	0.120301357817493	1.03169430086516	2.34274784965509	2.0415125010971	3.70449475082037	3.41945214724917
sample_74	1.63282898827894	2.16058274005503	1.17740728622424	0.306914308834467	2.00192989983176	0.581010109418247	1.47113679628877	3.13050662705199	1.32653620525018	3.62926626901162
sample_75	7.40390589012581	6.32758311824371	6.33086589866205	6.85494586955389	8.59227505701313	8.47768488874623	7.68325242126665	8.7920876164109	7.0842226459538	7.98126284971435
sample_76	26.6656458078141	26.3796522206128	26.8380770561252	28.9306795985982	26.5954169822022	25.9656341286568	26.0411613528108	27.3852538440007	26.6206338191973	26.0367113867302
sample_77	14.9915292078487	14.8088471173237	14.9601744875722	15.6406811870004	14.2266563092977	14.6592324712998	14.978978106392	16.4274012784775	14.8779371465523	16.9171711538965
sample_78	4.40313461986491	5.18915351925607	5.9232910815803	6.84553147048411	5.42721307804781	6.57438786899685	4.89642634524362	7.30486108324613	5.61439027317376	6.67691165930399
sample_79	8.39380958232935	8.57557192058772	8.4626216702948	8.302131908038	8.59576153262824	9.372685331682	8.61765146671494	8.19540155707265	9.24188349696301	10.5707545001983
sample_80	5.82363574348072	5.82211341253907	5.93919557734235	5.39065668075257	5.34988937350493	5.07671768291604	5.67708673412984	5.46080937831776	5.4760277602974	7.71242042255898
sample_81	0.81469463108936	0.957713403986359	2.24718750499293	0.732075172416359	0.697273992816019	1.04359497298777	1.3332554163779	2.34843416160653	1.49566886107527	3.48143083052833
sample_82	-6.79438877586721	-6.94511374314432	-6.47809225919021	-6.86519916542132	-7.34928398013692	-7.01334955092849	-5.67722234163462	-6.27094446676558	-6.00073860695973	-2.64591234374635
sample_83	-11.452894171518	-11.0112843981548	-11.9040268457002	-11.6595557481016	-11.9784589798234	-10.5185892545455	-8.52934624481146	-11.4001636872893	-11.7485608510856	-10.7942033901822
sample_84	8.52868959079091	6.92299936503213	7.94105880536378	7.10216967691534	7.23503129975272	7.11810827413564	7.05659926261467	8.39735549059493	7.73452058128836	9.38550802832147
sample_85	7.91299174918121	6.77257796201139	5.87598330364923	7.17981052250506	6.24677589063661	6.4762330735533	6.81345188603855	7.62691860027134	7.94951853797589	7.04808899806288
sample_86	6.92141299440651	6.52452537404435	8.2395614636348	8.76249123425461	6.60232767368888	8.07922697518277	8.25142688218015	8.79242657304788	7.68784053828406	9.29770544983582
sample_87	4.20475759276262	3.73162262019052	2.89526711686392	4.45717781854737	3.74605287110001	3.07016837885736	5.87297587114395	3.4851720083582	3.71898504047981	7.34728648846377
sample_88	5.41627574871703	5.02648632315214	5.21388645516527	5.921522173644	6.10609777292322	6.90019996646309	6.54253623423986	9.23497159342598	9.28912393505738	5.96816617302761
sample_89	10.3992741887867	11.7650340939971	10.0348997968025	10.778364878219	9.5920238600032	9.46239750467634	10.0176539555093	9.96810670640385	12.2536871774977	11.1878289724764
sample_90	0.0956273234099516	0.90274961432549	0.0956376938385208	-0.778930653579629	0.550576845905841	1.86733140409094	0.166381480583601	4.00739396717067	2.24909147398327	2.40998138894737
sample_91	2.71299622482702	2.52413287672368	3.07131352034514	4.12423097526561	2.36749489325657	3.03018267177981	2.01911107253988	4.3430411240294	4.827060687258	2.09915977017836
sample_92	10.120147205875	9.54465917320836	11.1473356258363	9.40337762056603	10.1304215586172	9.43521818394839	12.332693159251	11.4470312383754	8.73190761058227	10.6758114458667
sample_93	9.80527069206617	10.1358292504733	10.3096633681603	10.8962654107749	9.76546463390276	11.8144220110227	11.7409820705203	9.33913537693414	12.396409099625	11.4602423441293
sample_94	6.700531238364	6.30281026244062	6.52913079726171	7.04068242035589	6.57905113188963	7.41015401580712	7.49022850403223	6.01191652262697	9.53083050332662	8.32356307445266
sample_95	9.09631476478204	8.0883385768077	8.6490652358976	8.87231466748225	7.65394624885394	8.56582584361337	9.67691140229179	10.3807599039244	10.5955496928354	11.3511269753791
sample_96	24.1305215216265	24.0314709895869	24.4968504953432	25.1765325065781	24.6767360115549	25.0136081611173	24.214852485471	25.7772970688118	25.7147641833209	26.0057130329942
sample_97	14.8133955109348	14.855626363661	15.8089185973069	15.7493199163566	14.2605634956352	16.886995433646	16.0024605715763	16.0757356886106	17.2315431854149	15.1216480626799
sample_98	6.3087559909065	7.35158435915882	6.70910839432361	7.58587164170664	7.941668692464	6.6636683384321	8.04619654051117	6.99266980826275	8.88362301202114	9.10127026559395
sample_99	18.2206656375972	18.6524638754403	18.5943522282369	19.0397265121762	19.1056569239173	19.9213710144485	18.487402143459	20.1896911431132	20.1279615735956	21.6237922799144
sample_100	6.41472148740117	6.98433323293109	6.18933606600071	5.59625247098836	7.18375410748228	7.15747137444619	6.38583315413778	8.4066247252527	8.00492153208767	7.70435840013786
sample_101	6.20545804563314	6.37961340738153	6.6173244253806	6.90132869591449	5.9098573160953	6.64000250307251	5.76014466893727	8.08744097417922	7.7196395440329	8.84302022816068
sample_102	-4.39121610622278	-3.27290297303079	-4.39399105319471	-4.22212534892334	-3.90530187055174	-3.35721556861222	-2.84953481751206	-3.1658342305715	-3.13391649655088	-1.54653584134453
sample_103	4.98853341295138	5.79566717921564	5.8672070779542	6.05229014779723	6.7887689918251	7.8421086584613	5.83306340208969	6.43846081340961	8.5553130138072	8.8993336551667
sample_104	13.0742137214433	12.4829570561646	13.3616522909364	13.5125921152028	12.5952729430756	13.3722589078094	12.6066465036157	13.1625917678434	14.6626134042975	14.8395465073249
sample_105	12.2328662895618	12.2923666711987	12.1222136465617	12.7469877517154	10.9957483386408	12.0516127833123	12.2808638394858	13.5148374408091	12.4976084963745	13.0858554802521
sample_106	3.04631113594842	3.67355426863889	3.33127622766418	3.18796334259772	3.1764855725336	3.80047522202471	3.9918364499294	3.53393489481546	3.91923826096299	5.14553888534838
sample_107	11.5596351389028	13.0277187927341	12.6357003189829	12.5869304185323	12.2991550316284	13.0149668127825	14.1113223299338	12.9067787395851	12.2860437965437	11.4780918058184
sample_108	14.0658426987504	14.8022266161838	14.6571083047909	14.0929093822124	14.0071654597699	15.5859035422725	14.1552200894495	17.2646560614711	15.4987988160595	15.774183532833
sample_109	7.6934395064718	6.53529310324992	6.44901693102481	6.99871891290117	7.32382658523383	8.88585945127347	6.7382504240197	6.90347021021928	7.45972075024823	7.92154897976072
sample_110	0.238941895741169	0.745511431903118	-0.082804013572372	2.19874492007925	-0.145438243628171	0.443646087366048	2.58637394878845	1.22950142990753	2.37673653473395	4.03733095110375
sample_111	5.54617108424476	5.40729439647283	5.7797527715577	5.71206589276049	5.32358964468585	5.57940397853686	5.81696906692425	5.33743497475219	9.12498727627211	7.85082180203813
sample_112	-6.00453840529925	-5.26111791967211	-5.35069671526688	-5.23537743002361	-5.82308845811618	-6.57900828824739	-4.88542536394953	-4.00413472860523	-5.65269354645633	-3.59575191366388
sample_113	5.0394849711393	5.67902880684745	5.22840171445962	6.97039346532893	7.67717953963358	5.55654498361245	5.53082291270526	7.23191753640602	8.18943427687173	6.30402025340491
sample_114	0.628815366279696	0.342741383738584	0.500164900906535	0.452144781803154	0.212087295085935	-0.413038174233154	0.00856597900735423	2.52234124426614	-0.0346236477182043	1.59581198465163
sample_115	8.51325548813541	7.20649279630015	7.13085113145212	7.67313802283757	8.8351175503514	7.2008735242138	8.36702073013656	10.2577627284022	10.2896950746006	9.07043837377363
sample_116	11.0011437665111	12.6514325412249	10.6278948396717	10.6447125324062	11.0932141101131	10.8787502711843	12.4386058376136	11.1603378186207	11.1993302788289	11.0168407923148
sample_117	5.86990645066031	5.53156570543068	4.4168339019291	5.98729256834646	5.80116546557627	5.02868242071934	5.6219721132921	7.61328240415845	7.57763317949389	6.23960947299543
sample_118	6.676361553875	7.60392344489716	7.93533549023992	6.18461663444528	6.90467348912916	7.23416618749653	6.60186702757378	9.02771750801621	7.51705287035082	9.71362317953533
sample_119	10.4353769186897	11.1668955680064	10.8656359093367	11.5109524482217	11.7869341542052	11.4519579215313	13.6416946355757	11.594784114984	12.4917549794292	13.691187698054
sample_120	10.5674607857566	11.1506995094596	10.5037162913021	11.2593316380366	11.4581055918605	11.0547054191303	11.5304755272846	12.4179823199919	12.6900342615633	14.2833867052864
sample_121	-2.446302683142	-2.1902813309973	-2.27305787256833	-1.06554472146816	-1.283552378447	-2.81682515472491	-1.09384996909844	-2.44197039300648	-0.111204612997623	-0.293966288460993
sample_122	-0.967711977364605	-1.12961441059755	-0.185674951181795	-0.147459896375975	0.639137571448625	1.41636734677927	1.01360103183498	1.6018038231758	1.04046652896742	2.60490672125019
sample_123	1.65756944780368	1.25249236535439	4.15920511773963	1.37106816540037	1.52492820593492	2.81928982440896	2.6175736415369	0.632900200944867	2.29794473169551	1.16437239924153
sample_124	-6.9415978971185	-7.99756849879374	-7.88256144793343	-8.28680606395029	-8.45388711050851	-7.85684395297958	-6.55131315863489	-7.88574281899724	-7.56945442250634	-6.03834821994079
sample_125	17.2062702119992	17.945140563325	17.8696383617065	18.8421940778545	18.8400263624914	16.4576017915042	19.519503924428	18.6411058123755	16.684332647073	19.9436704495317
sample_126	15.580407777221	15.3324942716306	15.2904152580967	15.20561391006	15.0881574254634	16.298625877466	18.2185860998341	17.3087984255504	17.8945525672098	17.1572734114364
sample_127	9.7357147764932	8.10073808371731	8.6476546961951	9.4458392362568	8.744306013873	8.56582420521712	8.89524565167704	9.84057935471971	9.39869472511005	7.95244131299391
sample_128	9.36209088270629	9.65327168760879	10.1001100856991	7.50114157766527	8.60820965568022	9.24512940945889	7.55304146616311	10.8711469232318	10.2446941686689	10.1178316903472
sample_129	1.49100399428065	0.454173268636679	2.24829788605889	2.00580048910735	1.6498857882492	2.12513073368548	4.00063383698084	1.4175836041492	3.01542291029554	4.39547222676304
sample_130	15.8910925873348	16.3479103902218	15.9085376712221	17.4976644950356	16.1117398873256	17.066316523341	16.7433820600191	19.6896013866697	16.1465530107511	16.5196786574005
sample_131	4.08812783703772	5.44926914432568	4.25114869245987	4.94510666982515	4.74665864343576	4.08640297671581	5.73081366491923	6.22086024540613	7.53345414768519	6.16396459139748
sample_132	6.29194102443706	5.88616887716598	6.47807750352535	5.80067456475248	6.38600309342306	7.02061119647004	5.00591930527553	5.39610624967653	8.05870990437346	7.18970916894999
sample_133	5.66332778447901	4.85967041304505	6.4268673571849	5.17650674824851	5.20402785186066	5.43626965060282	6.92140811850087	8.90247637770364	8.84394831539384	6.3494161056485
sample_134	12.1690409625331	12.2506360347503	11.6038400901313	12.8832585027252	11.1043838191935	11.1596220043024	11.5588056797808	12.2807031092398	13.5656867166647	12.5563285246537
sample_135	3.04340170152234	3.68571683761887	3.39613646891454	3.00662534703052	2.61334831280589	2.87590612655848	3.0137325873711	4.45415283109133	3.79623924288709	4.32737210607424
sample_136	19.9946763924855	21.2702626938013	21.6208364969785	20.3178807885379	20.0751567008241	20.9625387143066	20.1617109423365	22.361641660784	24.0074177403774	21.2349456796782
sample_137	4.40137398748682	4.63083737827527	2.91056364371671	3.52918281514646	3.81009093424318	3.60218314968055	3.99409891493424	4.99610517973495	4.8660559117301	5.43910545349955
sample_138	2.90940831888167	2.56815005380308	2.84172813611545	4.66185786143398	3.30150204425779	3.07022189408056	5.00831466745427	5.51810487395687	7.00714446501107	2.46636832351722
sample_139	10.5653984649194	10.4394439089868	10.395134124648	10.2427504207161	9.94500068030906	11.0334157278355	10.7988314449682	11.5587479322101	13.3962549146737	10.8643045488614
sample_140	8.04643200527216	7.69049647839373	10.1614869623403	7.81602607235691	7.34538927479593	9.50257504283213	8.32341325701617	8.1926557563042	9.51138678071452	8.02931249946916
sample_141	9.89810067389458	10.140776211461	9.64293634696925	8.30813811062858	9.68861014722481	9.94881614592009	10.3213530857247	9.59019201001263	9.00776131281998	12.9701034928655
sample_142	-0.89230642353606	-0.99962007421864	-0.980726001071	-0.780863147394601	0.119209309961359	-0.9300002264159	2.45080018393426	-1.28163386443724	0.242298647528879	0.461038875583999
sample_143	-0.322912447222077	-0.0832340426655973	0.393557292351543	0.149712958927403	0.599509948642243	1.11795981974191	1.65161918407061	-0.185623199011597	1.86264599054281	0.904841766188023
sample_144	-6.33912445806223	-6.28645883740177	-7.07574467364453	-6.88466232143524	-5.30625879305908	-6.9573239693305	-6.34886198053313	-5.01623357485625	-5.11081691038501	-4.63718252177339
sample_145	-0.130278789620999	0.0642362541081605	-0.0425181714961997	0.684302269813541	-0.599215296496579	2.25914381315015	0.493883121692621	2.93019294397158	1.42273744558524	2.84122263701038
sample_146	4.78840816881934	4.53928984794487	4.51575258089869	4.89771050971371	4.16859745824136	4.15823566169421	6.72114786279541	7.20787180187548	5.88306990002106	6.42575115894097
sample_147	15.2132705893775	14.1357392194288	15.0802576533061	15.118962833474	14.014060548412	14.4358137646223	15.6437560068549	17.6923518317964	14.2368104611926	17.412278827316
sample_148	25.8834633942863	25.8091864704875	26.0614826683922	25.5289538929263	25.3309676635406	27.1336623481392	25.6360736320467	29.0779524894616	27.3900343939956	27.123282501644
sample_149	2.42753260248101	2.57763792527959	2.85431829810152	5.0132702115213	2.73954629776132	2.70102073559973	4.36866900495641	4.97320560909218	4.6121968645113	3.75290227650134
sample_150	6.13705979290118	5.43237407254128	5.9997084466548	5.98107558290797	6.30562828136184	6.06669537263964	5.92407951581189	7.47072979072507	8.39241548656703	8.04656083826083
sample_151	6.71649549155614	6.86685394414228	7.36178116064129	7.52747573741898	6.15163141811056	7.51721214223581	8.95483128391683	7.10343189924173	6.6880347602008	10.256612180946
sample_152	12.5621688923039	12.8199847445366	13.3713137025176	12.5320060715099	12.8994152320155	12.6153337934436	12.1675822915773	14.6691332595415	12.8122029312681	14.3609635588597
sample_153	-2.63815935157485	-0.963582851349652	-1.39610669030842	-2.52696366609117	-1.77463710524335	0.572561687427209	-2.0209651419533	-2.07366372760225	-0.569262094278361	-0.749693766743062
sample_154	23.3443733362932	23.1973423012727	22.9800100561496	23.3745799434092	22.1815995644976	23.8382722169733	23.3917060122578	22.9929120805824	23.1218483182206	25.7768514620588
sample_155	4.27660172179238	4.94481856152705	4.20123609320646	4.30998212374439	5.36429322356008	5.33365231123083	5.37182605710962	4.51598756005645	5.23519246619289	7.91575891258615
sample_156	6.33866927558814	5.75382858143736	6.40995364054764	6.61020834949729	7.43445147697953	6.71326246655111	7.93110151303478	9.5230975853486	7.71400639068941	9.0513887626747
sample_157	0.904378530694052	1.34821010929505	0.852704310806682	1.5026850208039	-0.296787921963438	0.459449658773832	2.36669897174365	1.6050030167877	0.983496741691762	2.26234376039625
sample_158	10.6463314717501	11.4728038848664	10.8874897212499	11.7487623838492	12.1331657629686	12.9223085354006	11.3575103143634	11.8688689007751	12.5452613584532	15.0242451366873
sample_159	7.70004179497213	7.69813000757717	7.81240353694548	8.11978892282199	7.51732372320522	9.20098403598945	8.02545575357699	9.95151425946008	9.58270961627499	8.22708537178442
sample_160	12.2094505034061	11.5565329675931	11.9135420108054	12.4261513303101	13.2287433826102	12.120981254815	14.5667923816773	11.9364304289969	12.122111751814	14.841204630486
sample_161	-0.668131604204252	-0.710060038789572	0.472043251755299	-0.567860117715091	1.09217427215723	1.66665014178494	1.70109519596104	1.77475780654267	3.89566576144906	-0.00571724893921211
sample_162	4.81352273864571	5.71978944231105	5.29906763153238	7.03494210393292	4.66691453956543	5.22096454186639	4.18076957328088	4.88432938671549	3.90258784204487	8.87973482533166
sample_163	8.30017865920769	7.95182924661898	8.70416355725387	10.8551345487749	8.86741138863701	7.85415308187421	10.3333896338001	7.68599857445847	10.9914937979065	10.1165859758844
sample_164	-0.23147872732828	-0.0697764868200306	0.153457412852439	-1.22351930227889	-0.45981553657268	-0.376612817833921	-0.563707083532461	1.04826892011236	-0.575408558050281	0.387775342842869
sample_165	13.0512255269553	14.1581035384125	14.2754916886529	13.9252857116212	13.817445896545	15.5522308058333	13.6305932602455	14.0512029431127	15.8283831535625	14.9927044858153
sample_166	12.3048702358974	13.1302091398635	11.88255016935	13.3389045565955	12.9089041682452	12.9302017925721	14.6991657912243	12.7656045753404	11.9463362079189	12.838818535035
sample_167	10.9072036861032	10.9970628758993	11.2393912770773	11.8462347758623	11.2505261615401	11.2782007608916	10.899363009835	10.781219252347	12.1782844838179	10.5302413843999
sample_168	12.8116082161034	13.9723288319055	13.1527522552335	13.5134846323297	12.9671269522853	14.4987733303736	14.3849574323112	15.6894339869242	12.9221075256497	16.9444148578723
sample_169	10.8295856836615	11.1034659895706	12.0068556900392	13.9548422812796	11.6841679435167	11.7434896491788	10.7177166396656	12.7529458172783	13.7789576292648	14.5970518669526
sample_170	-1.04227067267085	-1.98046084214707	-0.379772281179454	-2.35366578536458	-1.1421813893909	-1.16988968380848	-1.45361736938203	-0.957728667642794	0.0907337885039663	0.593460282418596
sample_171	1.73945788645924	1.573381828403	1.08063778578206	1.95719067860176	1.44879003754533	1.25928692055691	1.32057504219593	1.20353019573317	3.06488928610862	3.06604037570426
sample_172	10.035880302305	11.0688422555765	10.9400491147885	11.1734979768832	10.6555823711312	11.2486414565874	11.0288764798882	13.2187618692813	14.5822994116736	13.5867354362038
sample_173	4.86054705819332	4.14866897100929	4.65184812181867	4.26720502904096	4.27496163037965	6.33415590079419	4.7710248777548	4.61276354639335	3.91841157147018	6.30193694464799
sample_174	12.5079429920711	10.8112705131843	11.5742906058043	11.3293239275313	10.9493462659426	11.6180014372456	11.8159554697704	11.4387066722171	11.7897252295883	14.1319646996837
sample_175	12.5419382730817	12.1423749952356	12.4348492056778	12.9689147338089	12.7157005551555	12.5929829037114	14.5255935100666	12.2420514337252	12.5301949075433	12.082698150201
sample_176	15.7678728536187	17.1436111837845	16.0254681647092	16.517560687107	16.8836931332949	16.8261866436679	15.3024035291926	15.6230003004577	17.5426369555187	17.6152631366896
sample_177	7.34097833852395	7.5268268900252	6.60096385791949	6.42628257661674	6.90771301740241	7.31949983183734	6.03881344922368	6.90795006310459	9.3698414735218	9.67357716512677
sample_178	10.8875126979795	11.6385591758114	10.578038282458	10.9496652396359	12.5687548282043	11.5717045653882	14.4342380917607	12.2556312392744	11.2577825964861	12.8969055293716
sample_179	-9.56396757786434	-9.4734486628218	-9.74614540916605	-9.15482600086394	-8.95242426532862	-9.18681115958583	-6.78183024764974	-8.61827496027304	-6.05925413344314	-7.9619123143632
sample_180	8.54817425861791	8.68599362603518	9.24453608629833	8.94661131318062	9.06532464753884	8.36534980076526	10.0728893103015	10.3898210938821	8.66478294524382	10.6708322125884
sample_181	12.0128417207681	11.8695752164633	11.5943410509894	11.9757481626355	10.5224897521092	13.1349045707218	11.9470380443558	13.0617816673579	13.4600525975907	13.2762265795558
sample_182	4.32657768956287	2.25538926493175	3.48224923617015	3.2790996124408	3.06556327535638	3.73377600527988	4.05602736299138	4.50830189937158	5.16665290089331	4.2483627818577
sample_183	10.5988148929189	10.547844767906	9.83218943556389	10.5287312646471	8.98594806451342	11.0270810697202	9.88330928230347	9.75230688111699	10.216232075779	11.2155829489906
sample_184	13.8619171082861	12.5527268513811	13.4008226496414	13.5408086669218	13.6729367197077	12.8609579784266	12.9520061885476	14.5342211251469	15.6262753689846	13.0741810903532
sample_185	13.9714921886781	15.0955207507323	14.975299045784	14.088881616351	14.736919075712	15.8007162061269	15.9562962572504	14.2748402647512	17.3439273648202	17.9724911456149
sample_186	12.1136802684688	11.1464885352444	12.1575641566053	12.4300417368949	12.4761182311517	11.092443407736	15.7445092608007	12.7381772744414	12.9445996769204	13.8854147515283
sample_187	5.59838991022734	6.40205706266464	7.31449361497469	6.63613245390687	6.3081622656438	5.76831982473824	6.7511533834513	5.1570150897902	5.67322774140128	5.7970154822162
sample_188	5.58343066845745	5.67985284251685	5.94274725224343	5.61356084652918	4.46983158537099	7.01098946076394	6.04999903402492	6.22400673591441	5.52646451128184	6.24493572469462
sample_189	13.4484193643008	13.8212612745146	14.7981303272839	14.6217148761088	13.954138629967	15.3081012236998	14.9177343185087	16.0785786349526	13.3987822805087	15.9932640671997
sample_190	18.6602160570801	17.2781222371214	17.8235202985476	18.0397243575595	17.4585131309659	19.422452124037	17.8340920799694	18.5816844308506	21.4862033865249	19.7855625771458
sample_191	-15.0857834013938	-15.3570654650004	-17.1734848197275	-16.955922630064	-16.0517629234479	-15.644918197104	-16.622573294758	-16.3998246363865	-16.5892955501465	-16.0565073738375
sample_192	6.90728362480978	7.10427661949774	6.44667495734555	10.7765677556699	9.52881562924058	9.14802894799913	7.98072063305362	7.69874231549217	7.26131393487092	10.6138771869883
sample_193	15.7721156438517	16.2367116342381	16.9809892979176	16.3631392055926	16.3315432466291	17.5792527689049	16.9140068611311	16.2186831632997	18.0075415776431	19.0383568979207
sample_194	14.8360919963897	15.1713593217656	16.1271602886985	14.6093162012272	14.641606726608	14.8146354092236	16.7730108026571	14.9517054408053	17.0086493009576	15.544592312162
sample_195	-5.59186681933103	-5.20768856343878	-4.99991352157083	-4.58365198219197	-5.49400307486878	-4.82200607908109	-1.80933587393353	-3.22577196959025	-2.96075971200868	-3.87951989242563
sample_196	10.0970675954997	10.5165225785929	10.2944639756229	10.6407606841298	10.2080925785995	10.9012695937741	10.2943433839423	10.6173547640365	12.0960083502632	11.1217632094326
sample_197	11.386965990519	11.3331502666034	11.6556365731164	13.4634158270809	12.1379678589699	13.6126520412184	11.3860217776435	12.1055689419966	11.1502740240459	11.9483083046322
sample_198	4.86782237894361	4.65638505025997	5.59784014214478	4.4642266318764	5.22239903991311	5.47926594320568	4.62965443530383	7.0917846076316	6.87113514658189	7.2315534378099
sample_199	7.86872060197835	9.49160115396064	7.46719401645788	7.7054875156299	8.1310190369347	8.0847971336671	7.92857254263384	8.09086296920347	9.81009662783623	9.52200670456028
sample_200	-10.2395333786909	-9.15136362522522	-9.9124375620011	-8.32702267363945	-8.80569019422974	-9.90909714483876	-8.15930143087864	-9.11609504300553	-7.54191119380437	-8.22120096416982
sample_201	3.10818669107335	3.01449772498183	3.36754710644228	3.28244874768698	4.02583516492771	4.3265562659496	5.8577329193895	3.08971525451498	3.2294689286404	5.04129968890183
sample_202	-5.62366992637428	-5.14138458316834	-5.00708517491981	-4.2922744652033	-5.50213936083422	-4.00608309687492	-5.2018163011327	-5.71306903222158	-5.01754925410685	-3.65500262762927
sample_203	2.70210677674321	3.00360809225277	2.45576870252684	3.42771641038221	2.52683886510034	4.33614645782333	4.4399254969669	3.32882380999127	3.80169569213372	4.2159332809823
sample_204	19.3938556607293	19.8675459518131	19.2793009619511	18.6765945557301	19.7184307238766	20.3363876881585	18.8233689017912	19.6836877590536	20.5916835130877	23.6244086032189
sample_205	3.55434621718988	3.44696557732466	3.03543687218847	3.85942383169669	6.04024779722458	3.80444766938603	4.63553481357375	4.22886566776951	5.60007365461987	5.15119306930968
sample_206	12.9172701539513	13.2421745039303	12.4688367405928	11.9979964410637	13.8135556476717	13.1061192824181	14.9490523207817	13.1093719285663	15.2538739753497	13.5067046745859
sample_207	10.2000387103902	10.2926355173372	10.4869361510889	9.7236875416736	11.0928500325407	11.0770448909352	12.460346047992	10.28172921274	11.6814453609246	10.6674334487601
sample_208	15.2045542644343	15.4486701031304	15.3709734915682	17.3282803501327	15.4707646203273	15.0426230069471	15.1480813875708	15.4019810566177	16.3439488033609	16.8464019145325
sample_209	9.62718244447871	10.5348754157706	9.27658126361521	9.38015125728207	8.88778896733237	9.20030964485614	11.1865486394101	8.69593693388802	10.8932277541763	10.3381022125224
sample_210	5.45730979795589	6.05529138932486	5.48544157431315	5.64078614296758	5.43221177820384	5.49768322754869	5.69150780738228	5.53895670643097	8.98604961941152	7.35185898487496
sample_211	-6.15080558320363	-6.96829946647413	-6.47343927417125	-5.9238812825443	-5.28014704993138	-6.66885980730803	-5.38058353092327	-4.83955724024792	-6.06268299995254	-6.56725537289988
sample_212	1.50444249528945	1.11828729087613	0.900513290759115	2.0454715041271	1.8248412217915	1.2953400765351	1.21240020675631	1.35550485870603	0.931038880012105	1.34767140053398
sample_213	8.01814381922674	8.7762285475651	8.29321831064145	7.77053425028319	8.21100369875831	8.82818548058745	7.59296486561901	8.33612668362076	9.77086952114191	10.3855546693499
sample_214	0.271523189416448	-0.206955524882051	1.77037962617754	0.310001731817699	0.0484568444371378	0.107306373899538	0.0590105000525982	3.1156595217727	1.5824545315133	0.255350415916008
sample_215	15.1130605678867	16.6367112321011	15.0182687315801	15.4915259865816	14.9974159210656	15.4203044364692	16.8549790483428	19.1547523106041	16.5181695282376	16.3441970228412
sample_216	4.20995034400057	3.85219344858033	3.94216217243632	4.9137188003446	3.95781067408103	3.69889341438023	5.30373803797223	5.3801635753667	3.71489313537427	6.70410851968148
sample_217	7.8510240777963	8.20108961370568	8.62145716312136	9.43591804234896	8.72163603620601	9.53689040771433	8.16089834583039	11.3201089070679	7.94361831069221	7.89046323195521
sample_218	-2.09648588636575	-1.28766023335824	-2.38421973003048	-1.09291533338963	-0.86292317265115	-1.70977989548136	-1.31043598825059	-0.73733293256951	1.26624692910179	-0.23680008339374
sample_219	18.0366310594259	18.6415415965863	18.5922038193275	18.8748621239831	18.0358738684871	18.5212589073342	17.8427368181216	18.1561962288012	21.1261691085527	19.7576440932383
sample_220	14.0475686015568	15.5765628516176	14.1377636485696	14.407553419316	14.3212843743933	14.7875677415215	14.662685053454	13.4595525525711	14.7447767453559	15.2465680467467
sample_221	1.74630901126842	2.58073222993553	2.14447733928729	3.31334800148904	2.34648309500335	3.15534310989731	2.13252760944727	1.75180278885006	3.76355423524811	3.79726315947074
sample_222	19.1760012249771	19.1393116490853	18.6005460591975	19.1194389458644	20.203977781035	17.9920275015159	20.4965512831906	20.4584880635857	19.0842804717571	19.5309404428618
sample_223	-1.77940235576381	-1.63312126800769	-1.74688859813696	-1.967354879674	-1.06904112763406	-0.567732049810942	-1.77236304893251	0.467315055431428	2.09401045850549	-1.28674373097654
sample_224	14.5108965829484	13.8646351374646	14.3773238731345	14.4256682832217	13.7102171418419	13.4010459225406	14.778128753076	13.7201192795543	15.2863763259658	13.5328744803845
sample_225	13.8014958324607	13.1120312994781	12.2800505380988	13.0677459150886	13.1730960254032	12.8923663666393	14.8505833784941	15.0785771840255	13.1618861986523	13.9471035463657
sample_226	7.94980209096212	8.31941513277323	7.7176758434633	8.16458863479893	8.55662211569846	8.32315446199543	8.09782830713492	7.91208125899999	8.99237638766745	9.67691159082381
sample_227	0.318718350018315	-0.536323081093686	-0.822472143107445	-0.205905336461885	0.454183969101695	-0.0957000430605248	-0.121520562787975	-0.399072832947065	-0.333656680094016	2.21254090231965
sample_228	10.9626700615201	10.7684131772979	10.0228880111427	11.1983094473292	11.3599133209199	9.42568129192674	11.3153724267931	10.7712407866595	10.698670138673	12.5051457616549
sample_229	-5.16453013310446	-6.58648281377724	-6.60609368769513	-6.45822961486445	-6.04670724706072	-5.56863270029844	-7.02057945208429	-5.40764437018986	-3.68802215606415	-6.03000290018787
sample_230	3.73652914926274	4.72948946269305	4.42338023650639	4.85255435833375	4.64252241236771	5.00022637125794	5.21140294284085	6.27859815125755	3.88969433387735	5.07106354213993
sample_231	12.4470298619165	12.2592950478432	11.5992579640606	12.1908578468407	10.7389392158112	12.7829764459573	13.0497921564413	12.6015887790492	12.2101186141575	15.1392226413662
sample_232	10.463149738768	10.3301221251283	10.885236275404	11.4032685946206	13.0646524263733	12.330088023884	12.2969486837936	11.7310275392882	12.5833055870567	13.6068776189554
sample_233	8.4685919668299	7.49636978238204	7.5396620266831	7.01564478680556	8.32264639255083	8.72081256440952	7.35640561703884	7.55146601742055	10.5755772197561	9.87265298040703
sample_234	22.4035531492184	23.2440613655441	22.9565604671896	26.3661743913792	23.3831951849822	23.4438126686745	23.9186332749411	23.9681098469353	22.7780904965681	23.0269110553907
sample_235	12.0427229385612	12.058189241688	11.7950712767035	11.950956313292	12.2226838404822	12.0786787990997	12.2850559147175	12.5151596512723	15.4095638488067	12.9250933701199
sample_236	17.0435374369301	16.5734149122632	16.7910715765602	17.1970015743323	19.0328463559596	17.3408634788682	17.5497097382085	18.1690789316813	18.3152378609564	20.5368637501517
sample_237	11.1117643990819	10.0390735777319	11.9681489724652	11.2311151012795	11.0908169281955	10.6519690497093	11.1490212080955	12.2841510213136	10.3302999022535	11.1548427862335
sample_238	11.4472225794648	12.0065586538527	11.3234952370243	11.7247832738135	10.4326286095896	13.2842003661692	12.7740092370955	11.1431707717444	12.6437828179441	13.1169343959706
sample_239	10.063800816789	10.3229677851104	10.2395525547582	10.6802111754242	11.1907906082794	11.0810272059936	10.2446776648292	10.8364184393822	10.8006425386213	11.4725040792245
sample_240	5.49965451476741	5.49346512342468	4.26643617608354	5.3213255569942	5.77486568346951	6.97728747716801	4.492426655385	4.94722862561951	4.37641638919149	7.99621539418256
sample_241	3.53095516770825	3.38304671472249	3.3858932656142	2.53096902748336	4.53026291541729	3.26170914541847	3.15822637838819	6.49016834030203	5.85689185969503	2.92200345268585
sample_242	4.34251535230225	4.62146795824107	5.75458966638665	5.19645296909615	5.04070302258899	6.89835570195757	5.89281535807375	6.62091450147668	5.75323353155066	5.52821240487454
sample_243	5.06541544441502	4.72797997994157	5.40717626841563	4.6165474929403	4.85514838040833	5.49731742055327	4.31130051649529	4.94766760669816	6.18778276318155	5.97874860244317
sample_244	2.02207378383993	2.13138317261989	2.57917754123094	2.67244665024846	3.29430640700905	3.99903679408022	3.16536567327427	1.83903378260166	4.45845263915155	5.36470519732574
sample_245	13.7150570520811	12.6469961804684	12.9745283901369	14.1207965736457	12.8588354826305	13.2989210483975	15.0737591388016	13.9915059143741	14.3176357592779	15.3574980932081
sample_246	12.1092123785892	11.3041782600578	12.3568935103763	10.9117557308528	11.1581182371424	11.2013809001424	10.9812705517641	10.4086135265661	13.0469606489287	10.9239114675546
sample_247	3.91028628959025	3.96906066765611	2.95180701761385	3.77130865407458	3.34057336423893	4.33532762035944	3.48190724920865	4.35370609514219	4.44144413040899	5.46823810313185
sample_248	-5.38547316565593	-5.79548971717043	-5.10092170205265	-5.75174123704172	-5.11632355904576	-4.96638909465388	-5.27760579058289	-2.55418519515846	-4.63053949387283	-3.05705742231359
sample_249	11.5049359515423	11.4837082927257	11.3687087577431	11.4465048452594	13.2469824643415	11.894582248952	10.6141738927755	12.4866247225079	11.8263633900708	13.8214183707746
sample_250	8.55598473685639	8.95701823201326	8.81756213235555	8.68899555288183	8.80294822637254	10.7707919748917	8.98523714693834	9.7887052077507	9.93277963732903	9.52949700634458
sample_251	5.72133349936281	5.91045847337765	5.87205234093104	6.68783041296342	6.2694125425565	8.77282026600968	5.91118697318423	6.19284900038235	5.57410869470871	6.92820260653881
sample_252	-1.77082887432252	-1.71353543773697	-1.84232532529655	-2.7937626919757	-1.34509425442994	-1.58360137191915	0.494697614777399	-0.629613689448961	0.939309329658238	-0.467502542808312
sample_253	8.33850571024792	7.90574624736519	8.8037820330882	7.66855801800692	7.42094952612627	9.67554865311499	7.10230092616936	8.60095334454334	8.95740449576799	9.35359962094763
sample_254	2.38751920132143	3.48583618518734	2.58175460421424	2.45126617854365	1.98584059092694	4.23457650938236	4.44625057105527	2.50610250110991	5.4389414645615	3.53020432774792
sample_255	9.46461376399867	9.65640328992726	9.65392146252135	10.1480836555473	10.0739577335435	9.38343703750715	9.89204634909399	10.6316494723125	10.8466621999232	9.86489889976767
sample_256	13.3346984474402	13.1751032398501	13.1124254403408	13.3142063467046	15.2652573813841	15.059129214669	13.3313493928769	14.7215563546641	14.8931854613898	13.4426477882072
sample_257	1.50111366409656	-0.393493943999481	0.32677264064073	2.44394613057718	1.09233906322795	0.46220399449343	2.63295443293513	-0.0610501255440603	2.56831710004482	0.955536166964279
sample_258	-7.17805824722818	-6.07908025096159	-6.93285080852519	-4.57163582990217	-5.19711299838061	-6.3348653734037	-6.57908725014517	-5.41780370530015	-3.64509044405115	-6.5882071566965
sample_259	1.1730880102211	0.197029059164043	0.0932643981579933	1.37465467267748	1.41141957961435	0.548011483727533	1.94782450840779	4.80536738629546	0.993972554335433	2.57210569787624
sample_260	13.1959762276144	13.5942804472532	12.7380267944631	13.684478519037	13.3559372511236	13.9912671178133	13.9351437420643	14.7997612351933	13.2274597611897	14.341791359837
sample_261	-3.11553007942395	-2.23324215649187	-1.67711386534714	-1.29627556148813	-2.3512839769946	-1.88103351690706	-0.820137327984849	-0.736060391416348	0.395512925043841	-1.83199223262817
sample_262	18.2233265028417	18.3116070005619	17.8100387477867	19.0370510220989	17.8965653503467	18.8943144920185	19.4349802022262	18.1596875712439	17.9995367522604	19.57098076693
sample_263	10.1537546117543	8.74321567983821	9.24675658736279	9.63746827468588	9.7171191846603	10.3690755415938	8.73755110833627	9.22272874670992	11.8948624361361	12.1099154159203
sample_264	0.412265802381285	0.666624558058585	2.61936564533655	0.909912476683915	0.663264643629454	0.843189152237075	0.789392416436545	0.370509627712795	1.2846831735109	0.516723894410815
sample_265	16.9565623832896	17.1507648426096	16.9778539424753	16.6102020197101	16.2441884653239	16.9372133961589	16.658716794187	18.1601827983939	17.8120406707319	17.7500837472541
sample_266	7.25648238118916	7.56708992516448	6.4975136929434	7.26006175694877	7.52529086913011	7.18645604607916	8.97304461914809	9.24010038102426	8.70599894562046	10.3205920634465
sample_267	11.544992450334	11.3096429611451	12.3281268170247	11.8039941537247	10.8410475884526	11.9450013863282	12.1753724758483	12.179656627102	11.7782189756253	15.2681898605497
sample_268	26.8112143782287	27.2867247857444	27.1121852419649	28.3210871257312	27.2177168791342	27.4281267155869	27.4939321323143	27.5566907299961	30.1474871637483	30.2395011446488
sample_269	8.49509285345673	8.22815143745338	7.36227259735072	7.90591682779854	7.80867884897097	7.45705939437227	7.48209406994422	9.33173146528504	7.57385995108984	8.33470737104195
sample_270	-5.25876196057576	-4.68992866914386	-4.29350315904307	-5.53543991508877	-5.34074039996446	-5.11017925498971	-5.1122455773392	-4.49256873356523	-4.61029945923215	-5.40046944457055
sample_271	7.07052974466887	7.55670890485411	6.32315669260115	6.34411032583703	7.83177216204801	7.63090717380141	7.24005758612597	7.26853084147544	10.1412196702751	10.3172122212126
sample_272	8.02551159631735	7.29602416125672	7.22587040297585	8.13879067902769	7.37284648479524	7.91734045297212	6.62655572791356	8.04934763082401	8.24470820054196	9.68914615329902
sample_273	-0.475539110462117	0.0872337462618331	-0.280110071610627	-0.255289331026147	-0.766857129838177	0.211427830854683	1.16838173621886	1.94169107786213	1.322085632881	1.52600059548255
sample_274	9.65979103644016	9.17785208957125	9.19437851041083	10.1718965954159	8.81541846684641	11.5578085116809	9.26283688995582	11.182866352911	10.8492040884872	9.32416901239976
sample_275	-6.59009565006917	-7.70226523938403	-6.71675484420948	-7.08012713453762	-7.01838114057522	-5.2571162081312	-6.47086696611511	-5.87873593505714	-6.75782103066508	-3.77054354066988
sample_276	2.32234977524708	2.54311791082454	1.83068686014232	4.64972840360683	2.86821167561898	2.16528556523368	3.33308284667174	3.47874038260363	3.38322385816293	5.57872575462771
sample_277	4.95081909833602	4.51952589362729	4.99860506206074	4.28195437045694	4.24418307810028	5.25122502971776	5.72563633520666	6.10943738573786	6.5116583731044	5.6066787405016
sample_278	8.1078875487293	7.79139237958208	8.62233643954674	8.26952060940425	9.99827046171367	8.82363956128099	8.69843575568634	9.0560163102802	7.74668388947162	9.37185486642396
sample_279	-4.19041084448103	-4.95157538334309	-3.92600509434953	-3.81768937916439	-4.02125568344362	-3.90782942395532	-2.58343791166581	-4.39645298462196	-3.75962074845926	-2.5038848318029
sample_280	10.0326038160319	9.19920021295323	9.68757172628752	10.512843576772	9.80799231948135	9.96576529031293	10.0652048093783	10.9198058224546	9.58367104505519	13.7784790339104
sample_281	10.4615530799369	11.7915595335307	10.5294934728955	11.0596189667923	10.3682635698812	10.0264771859145	12.7994580283664	10.6287824702353	11.8030661702267	13.9183281517631
sample_282	21.7972157455161	22.3607283353502	22.8223949567909	22.5843343289367	22.0961222241828	23.452941952027	22.2191316488438	24.7683685300941	24.5125873654314	25.9799056240516
sample_283	18.5819649907265	18.6660998133714	19.0427881901124	18.4543903357708	18.6726680893627	18.6184665216662	20.1636487939758	18.6750674240561	19.8179559635237	20.0754171428514
sample_284	16.8297049402443	17.393238633509	16.4732671721705	15.9753131826001	16.1568042751834	16.7716499729758	17.3921984479912	19.6367475667259	19.1428726094566	17.7464177508194
sample_285	5.74991058908868	6.24025772758521	6.08888645000554	7.03515048776447	5.74784327473271	5.99200969206103	7.15883423310126	7.40081571060489	5.79144583026144	7.87905113809171
sample_286	3.43863342275834	4.01553612818664	4.43321725826217	3.85109057377218	4.03589486058508	3.05907404734789	5.32411226419576	3.9400022866208	4.79315280867115	4.52137461628679
sample_287	12.2291773803591	12.5484816350122	12.8780657520517	12.7869253759227	12.2735823100996	15.2962259386341	12.4402815829842	12.6865890002579	13.2616088852078	13.6561417611994
sample_288	8.3748662481409	7.9739127777495	7.95136613264779	8.71224564999217	8.73035428494197	7.53766810927946	7.94732750825474	6.95087625459153	9.58505574359282	9.05629153825834
sample_289	12.0233232010394	11.9956847023205	11.3900285025454	11.1238005502874	11.865057061964	11.5101223179553	12.2677816526958	13.5811580306891	12.871781248109	15.8026480743638
sample_290	7.68470579986994	9.02919335473631	7.04619498592014	8.24606711835771	7.47227951357319	8.02941159736061	11.0746004044759	9.01251373610719	9.91898452106378	11.2076681547608
sample_291	-4.11769791356551	-3.55890960737818	-4.74198639333978	-4.82024540271848	-2.93748418714203	-4.12220123789264	-2.46317744371355	-4.08928523852868	-3.10406020770975	-2.28826822698503
sample_292	6.52785437319154	5.89700692622135	6.66014130017366	7.24524767103788	5.08434520016904	6.0753932069354	6.78931733252415	8.28730132929808	7.03497706761122	8.11477364245068
sample_293	4.74406071141	6.32084604379118	4.69616477664652	4.2562518381393	5.99552994947329	5.47892150279738	4.89815485796383	7.09219378807528	8.61701596899695	4.29298780303102
sample_294	-2.27229588928548	-2.01846554028485	-2.24025831694005	-2.54424523956181	-2.39896394393972	-2.32548393610913	-2.47991555553936	-2.46721693046106	-2.98821988987481	-2.53736886810407
sample_295	13.4696580754245	15.7685302768705	14.2473885666294	13.4960477938668	13.7346117111507	13.4623165639269	13.7862448940609	14.9842828857798	14.0859813561632	15.2822464167433
sample_296	16.7033327133339	16.8687039629599	16.9540785249332	16.5022502290656	15.8165058445611	16.5598455667492	18.052529212448	18.4553291123055	17.8773969637964	17.7193493968418
sample_297	8.35910812299955	9.64710804334189	9.80286168921747	8.71706983646727	8.52483839013042	10.7924819904907	11.0038598760991	8.5152460830513	9.77811257547437	11.4460410163897
sample_298	6.14936558112728	5.93388410752188	5.76860787049563	5.65236025484838	6.60554239699455	7.23895623588339	6.5834172342364	8.2332093802158	7.14347247898734	8.94080294355146
sample_299	2.7929248716125	2.17900444430287	1.8673294344238	3.50238974549571	2.065771547626	3.9649739981139	3.41664351040407	1.42772728756793	3.76140081244784	3.67012080773765
sample_300	1.11404324547793	0.0247655680133114	0.786134652250401	0.961372422988731	0.036381573578061	0.217944665411052	1.22743038577147	1.74228469106438	3.6566096255308	-0.227819918298929
