sample	gene_1	gene_2	gene_3	gene_4	gene_5	gene_6	gene_7	gene_8	gene_9	gene_10
sample_1	6.09103503730112	6.47930717278051	6.70265858508805	7.26053790387727	8.19629945288632	6.06172185474138	6.54877578709126	6.31663465992676	9.64637809189365	9.81117229922994
sample_2	7.43256252028113	7.0161376276359	7.50859900423532	7.29599757810989	7.83660749841076	7.82570468100139	7.51478808209967	8.35924898982116	10.4339480288645	10.4553129372232
sample_3	6.91724749023026	6.12738297672541	6.09766523706987	6.32498737038349	6.01794369062595	5.88805907537914	6.9125732491131	6.830852779769	8.31226589097447	9.67844205190466
sample_4	7.31811365256298	6.79186565987765	7.94263268864026	6.89479579647235	7.49811988876337	7.19975288728214	7.90036584149965	8.65177547808383	6.5603067054254	9.50953087433166
sample_5	7.28895291879588	6.9827989762686	8.12018906753227	7.40001779256553	7.40113009820633	7.03254544461456	7.41337497615112	8.94866474076454	7.48282882525361	8.74906345077726
sample_6	7.68842753654852	8.42047056804328	7.70951361071771	8.42269539702105	6.53660339651364	8.34053353289171	8.66812966439669	7.58212877486669	7.63855878773161	8.01113433482599
sample_7	7.90590114567858	7.70270983447616	7.46345252592763	7.53709342076947	6.4434379394858	7.04123481377873	7.21532253918227	8.90850736754764	7.40985386855382	8.56053247157394
sample_8	6.25733297412595	7.49507092572949	7.39177995149616	7.09466287205058	5.88591008459192	7.30757045696614	8.73037172711422	8.34062621363622	7.13785632921767	9.99563977576454
sample_9	8.44786769302891	8.04460126242775	7.85318863899367	7.62834189703769	8.40436972171594	8.47406446179518	8.82386412419582	11.028861009092	9.64670994570295	8.84616761955965
sample_10	6.5597437956569	7.58627207884901	6.67707279631265	5.75340341126903	6.89324230035749	7.06927888795128	6.37147402818603	7.14048553335569	6.38760909870882	9.34488495048049
sample_11	7.64603657145765	7.52438744412376	7.83927775179178	6.75215453331388	8.1385196508025	8.45765382430378	6.69653477703871	7.19430385542577	7.06152617665459	8.74735558649446
sample_12	5.95399125871242	6.36256556238749	6.74524912660774	7.10497129804788	5.83132089300414	6.33823234039416	6.88601445240051	6.03919793414592	7.68817299062655	6.19962031573619
sample_13	7.57581725269551	8.51018105400429	8.19654511834257	9.08247563410928	8.82950616070448	7.19389935100389	8.78462938808464	9.2989165317191	9.13140669666959	9.70695245266521
sample_14	5.79506642655034	5.17684804461254	6.36225294071468	4.68174898776768	6.3248977560443	5.68236553203385	5.66713792695118	7.09987493362806	6.84232724227039	8.25898049151169
sample_15	7.54540269843062	6.12503782616234	7.11347365845222	7.18140997353907	6.06700706998577	8.57056551670003	10.7619586959051	8.07181871274972	5.81008996720573	7.70712704884078
sample_16	5.57353560011946	7.34072371804474	6.5729836631002	7.14645960873812	6.23710247928888	6.72137827792314	6.20738237520081	6.17169662623477	9.13010098491226	7.04331970539821
sample_17	6.07583487712381	5.74880517543134	6.0572885462987	5.97632166124582	5.36794437548156	6.58565614932497	6.43215034086246	7.72999718787792	6.20380693200413	5.58150939548986
sample_18	8.11388399947371	6.63685747425881	7.51645272463389	6.65378188872707	6.49472490000208	7.40859930658585	8.97691307399189	8.66073228371913	7.087631853243	8.06776797801166
sample_19	6.00923199835973	6.89989401543774	6.69153891685188	5.64316768187188	7.0222795844084	6.28349734490761	6.87020591258964	5.65893330305471	6.01659968083009	7.66155500826842
sample_20	5.44078345752961	4.46100381004093	4.04652128874834	5.21682607740773	3.94754639211655	4.90035992017314	6.4970338179808	5.26888810937294	4.84263311290916	5.78940537677396
sample_21	7.03196003615385	6.97815038704363	6.27169468184802	7.18419406251327	7.01850012729304	8.30380184634874	6.9813456519465	8.12727142193934	8.17848921158264	6.90234087707994
sample_22	7.45352507567511	7.86498180588581	6.87796415013357	8.1005108932727	6.67069313278921	6.86315538200352	7.38696333263326	8.15294508517533	7.31623359792204	7.25677221821525
sample_23	6.20719623853003	7.49278938352217	6.63987621594688	6.32978211581753	6.92711790263702	6.95762673349811	7.0202968356488	8.10507477154109	6.00720460129087	9.05945766019162
sample_24	5.55908181614511	6.63001137650485	5.1630100096543	7.55397777154161	6.45135522400983	5.11523070427534	5.35717331109327	5.35948647887972	6.94660543952623	8.60814300525891
sample_25	7.24002173610322	7.76996585397225	8.31661128881394	8.53985242606397	7.73961680937408	8.98360400775291	8.65535656966594	9.44049775449806	9.26330693479066	9.047263016195
sample_26	5.26148498232666	6.84554509957117	6.30410017243097	5.22538950503515	5.66232027820927	6.01247696108195	5.84145560730516	7.78484983969673	7.20799412473032	8.56202711687398
sample_27	7.51407657138673	6.7973192462655	8.29876011011727	7.83422008154604	8.06525957584827	7.81957581387315	6.4514900698361	7.60520628188374	11.6642150342602	10.5731989196213
sample_28	6.88964202978708	6.41279999873134	5.97205298957649	6.95786336505124	6.36053248001624	6.11965547989952	8.77594204338601	9.00565397209166	7.34686040545193	7.02051651733609
sample_29	6.66547671424966	7.02978283097763	7.50370259624973	6.80494869868437	7.42683748318655	7.6847712536603	8.85368239746811	7.91570210495388	9.05115389052853	9.78076744344865
sample_30	7.73967360395641	7.08193345587773	6.71253334883368	7.30496807224007	7.20384268998887	9.21434403125012	7.61814649629056	9.53873556976175	9.33231527309489	8.84918006814256
sample_31	7.78272578807264	7.78840888427023	8.17373174926193	7.36710929541264	7.78693792292973	7.88833154770745	8.0891798995428	8.49728669496848	10.0490513153091	8.5827483660397
sample_32	7.06045306846372	7.20490899573876	7.92277192733116	7.25772058113172	7.32096599907581	7.67542550980662	7.62234017224317	8.79154353969118	8.07731220546488	9.22747337953872
sample_33	8.67174997951792	7.96995052222207	8.1324268909796	8.64208161888035	6.76694414781181	8.61269406195567	9.18026133224084	10.4546900798176	8.29878271737289	11.8863300951396
sample_34	4.69265457291349	4.6158643337103	4.84458374119859	4.9001234363131	4.97453855813495	5.910476362287	5.34428557413765	4.85842363163242	7.5449496380409	4.34057794454089
sample_35	7.51987452064061	8.41661030270489	8.37781854544567	8.15900303762966	8.99593447849953	8.17147980673193	8.45504012619738	7.4352982217687	10.3067151698762	11.7464558582326
sample_36	7.10834214551433	6.84301338170193	5.87806698774825	7.95920207971119	6.39510637424501	7.38990584785567	6.86390682526843	7.40761474284415	7.43302045149461	7.94386127947391
sample_37	7.43745874841792	6.52336184231218	7.09908330748223	7.7156698268132	7.58783596934483	6.3803017206893	7.87269007848582	9.30158260663682	8.43655635576252	10.3050638944116
sample_38	8.42002754028741	7.98905942255637	8.86313988134607	8.7054468819232	7.37802562404495	8.0872397959936	7.08891031828143	9.55247418594339	10.6946562394236	9.00379237902509
sample_39	6.99913985244015	5.24635706862816	4.8609879490387	5.07589940903022	4.75208042915504	6.15184643441756	5.27083761272905	5.17593369482801	5.92363867941219	7.22968694397009
sample_40	6.91915540396296	7.43911583003505	8.07908282562689	6.33287185178749	6.42533373045079	7.33764431051811	8.44894784867603	7.58218906474069	10.3679423180081	10.5348074699958
sample_41	7.46165915915425	7.37505431195753	6.77530341931649	7.87552191314516	7.94790402677376	8.47496212689448	6.66189336967087	9.76446232637845	10.6108458713836	10.2953125499807
sample_42	7.11179994398652	8.28302296049341	7.67972420530059	8.72438784299712	8.09663198486574	7.99344546524253	7.9581861181212	8.63590693882957	9.08529265232574	9.22350223521203
sample_43	4.23374063276234	3.78997188623721	4.52287170038336	4.36170328716039	4.01670455778818	4.49422983063482	4.25753989296482	4.27527534359109	4.94459616455669	4.02703767708075
sample_44	6.8114498188378	6.42468308240318	6.88034555644134	7.33303129433327	6.76755517546197	5.46976643985196	6.7945023654543	6.31977727616866	5.91391695245745	6.60626528263357
sample_45	6.37943432529545	6.18728336855554	5.63704942319089	5.17267002657178	6.23712660619714	5.59915190196474	5.54347018359228	7.88999152402061	5.93760990090443	7.6853173765394
sample_46	7.28043381443189	7.21417197561726	8.02652393201351	6.99175740185786	6.81743637427053	7.41749230585832	7.73997006055468	7.51624926716583	7.16846099080783	8.73528251879875
sample_47	7.9990249600564	7.45366579841326	7.41161165942596	7.3913205072985	8.65836490139756	7.85090520273599	8.44229156066473	10.3296594987312	8.04408038106762	9.78936054847652
sample_48	5.95599474147779	5.83279268166751	5.50801469978926	6.02371503658365	5.66151860439794	6.78161605958185	6.00953194218482	6.18261867176523	6.97990946400847	6.28572906233513
sample_49	6.45988753000237	6.40754813580945	6.07693862597479	6.576756658672	6.18532301491485	7.51233428042827	9.49540164471206	8.92323698698088	9.42278378500416	7.87046048570336
sample_50	6.43213837372437	5.54827188326988	6.58822489953461	5.60221697852266	5.66249910298631	5.24038187318444	5.97088750237556	7.93826817029773	6.99059673612531	8.01018690408156
sample_51	5.68510858704953	5.5204103934824	7.42555216213289	7.69963649734785	5.8255064408338	7.18343038942815	5.16411419485182	5.30844931811654	7.24260029858436	8.26183479119078
sample_52	6.85618278149589	6.19836999595175	7.0943425649009	7.08647849329018	7.52214716756447	6.66050058866301	7.39953461942793	6.18686976503197	6.82115254105132	9.78792889603308
sample_53	7.02182073715084	6.81141229901232	8.66214789160888	6.28532126801238	7.93248463391388	9.31161796613027	7.36449924337633	8.2222808664081	8.75631229488492	9.17319480539985
sample_54	6.13420258399174	5.80639617695233	5.44528388981094	5.55983309195143	6.28661970345692	5.37546683296915	5.34297657766407	6.69921066367604	7.22080713782121	6.87132459497234
sample_55	7.85155783825062	7.9250043041649	7.87025202213007	7.56940128785497	7.43045327678469	6.79505903429772	6.96774925311236	9.2018496343514	8.18616355282399	8.83685337673706
sample_56	4.93664944549202	5.08342749308587	6.37805144494103	6.93703658983162	6.3120626767391	6.08282140382877	6.62331862655226	6.36411447112752	7.603026931035	5.78328427788542
sample_57	7.77906824779048	7.07098712677199	6.32123217720435	6.95225695677244	6.80450257195303	8.65188251631369	6.98244500766898	10.0832234803112	11.2795948541619	8.69961912459819
sample_58	8.72748118571252	7.42990889139035	7.67571914033102	8.50621068703897	7.51324382581073	7.52190721251152	8.10681558186809	9.30152130014069	8.05306864416781	11.8356671658364
sample_59	8.55998023765533	9.76212118958707	8.93378265644248	8.61187976368222	8.36297636018066	7.15496504135547	10.1499470800189	11.0618063616731	10.7120347316174	11.5382271198563
sample_60	5.86736775496481	6.79856079189064	6.41630425851652	6.61071358948671	5.82079488481217	5.88702797974459	6.12871656202955	7.32644931014145	7.011725531516	10.0023228667162
sample_61	6.52398290600909	6.31354385500434	7.30556586774527	6.21159060308035	8.02618114183318	8.93275948919544	7.51696610985632	6.0534282517168	8.07315311771521	8.70040856145415
sample_62	5.36768290064361	6.05244472521002	4.93929470573035	5.4592391882625	5.9088121386137	5.15752287350467	7.15073181832916	6.1674616716518	6.76775733794639	7.6656120259212
sample_63	7.03313857671155	6.37271183567471	6.67704519560243	6.4073314812418	7.7315695619975	5.74096363340018	6.22991106266676	7.47948243287191	8.81232934335038	6.55113413861098
sample_64	6.57514171226469	7.29045665013872	7.23283538383677	7.03601750833668	7.38488040989454	7.2984058324928	8.52533490956177	6.96815492591301	9.35565820349211	8.02739268882444
sample_65	7.25506312173097	8.05936128210246	8.50136670238233	7.14929471242315	6.62789607052553	7.58543690303447	7.29386267559216	8.91625861821872	10.0503701555516	10.4271123189752
sample_66	7.76225149752499	7.18056753381572	8.34659191799544	9.16971026574194	7.92310112362331	8.87104007356912	7.62509491327429	7.90609620545425	8.3754791197581	9.01375223772807
sample_67	7.3108049608835	6.15675461225162	6.75945071273203	7.44788036550767	6.70754392353434	6.78133627421038	6.6142792507438	7.46307900547687	6.0486093028999	6.45333445873576
sample_68	8.04485640667661	7.48670429322296	7.55831566551575	6.74496106338447	7.11285074747588	8.04310926927517	6.63371088561895	8.48744095047241	8.98722720525017	9.01390751317822
sample_69	6.32586209696309	7.36808226194446	6.92192665625797	8.31791782101341	6.38502155294151	7.44532788312711	6.66100423687139	6.93099071132227	8.47338339000271	6.99280540669796
sample_70	5.33657176490404	8.56119430917136	7.26706194668909	6.71106876880089	8.33999192495709	7.78643336398862	6.3719344581223	8.75705403094905	10.0903427818086	10.9474323816361
sample_71	7.96747657229179	8.53069595042926	7.84974782671059	8.26577076121419	8.43504804871616	7.61505746278087	9.2471966962479	9.1601815958847	9.49437842988118	11.272286652437
sample_72	8.65031872468822	8.53544911352493	7.70926874617372	8.31645880230014	8.44575421775174	9.57010923726115	8.93840413297967	10.2287707274535	10.4119956809527	10.2509363251885
sample_73	8.06227509117412	8.94732409880924	8.92065373073549	8.51664089426574	7.35073754876082	8.26213049180849	9.57318404059842	9.27194869204043	10.9349309417637	10.6498883381925
sample_74	7.09305191134367	7.62080566311976	6.63763020928897	5.7671372318992	7.46215282289649	6.04123303248298	6.9313597193535	8.59072955011672	6.78675912831491	9.08948919207635
sample_75	5.73446129411236	4.65813852223026	4.6614213026486	5.18550127354044	6.92283046099968	6.80824029273278	6.0138078252532	7.12264302039745	5.41477804994035	6.3118182537009
sample_76	6.3069634973271	6.02096991012581	6.47939474563816	8.57199728811117	6.23673467171516	5.60695181816977	5.68247904232374	7.02657153351364	6.26195150871023	5.67802907624318
sample_77	7.53798812081522	7.35530603029021	7.50663340053874	8.18714009996691	6.7731152222642	7.20569138426637	7.52543701935856	8.97386019144408	7.42439605951887	9.46363006686304
sample_78	4.90202031670698	5.68803921609814	6.42217677842237	7.34441716732618	5.92609877488988	7.07327356583892	5.39531204208569	7.8037467800882	6.11327597001583	7.17579735614606
sample_79	6.79882746489521	6.98058980315358	6.86763955286066	6.70714979060386	7.0007794151941	7.77770321424786	7.0226693492808	6.60041943963851	7.64690137952887	8.97577238276413
sample_80	7.19216990498506	7.19064757404341	7.30772973884669	6.75919084225691	6.71842353500927	6.44525184442038	7.04562089563418	6.8293435398221	6.84456192180174	9.08095458406332
sample_81	8.96523527269473	9.10825404559173	10.3977281465983	8.88261581402173	8.84781463442139	9.19413561459314	9.48379605798327	10.4989748032119	9.64620950268064	11.6319714721337
sample_82	7.78833490114104	7.63760993386393	8.10463141781804	7.71752451158693	7.23343969687133	7.56937412607976	8.90550133537363	8.31177921024267	8.58198507004852	11.9368113332619
sample_83	6.43198177712998	6.8735915504932	5.98084910294783	6.22532020054638	5.90641696882457	7.36628669410252	9.35552970383653	6.48471226135865	6.1363150975624	7.09067255846583
sample_84	8.21638072603123	6.61069050027245	7.6287499406041	6.78986081215566	6.92272243499304	6.80579940937596	6.74429039785499	8.08504662583525	7.42221171652868	9.0731991635618
sample_85	6.56444423667827	5.42403044950845	4.52743579114629	5.83126301000212	4.89822837813367	5.12768556105036	5.46490437353561	6.2783710877684	6.60097102547295	5.69954148555994
sample_86	7.74184571068799	7.34495809032583	9.05999417991628	9.58292395053609	7.42276038997036	8.89965969146425	9.07185959846163	9.61285928932936	8.50827325456554	10.1181381661173
sample_87	7.53798906118025	7.06485408860815	6.22849858528155	7.790409286965	7.07928433951764	6.40339984727499	9.20620733956158	6.81840347677583	7.05221650889744	10.6805179568814
sample_88	7.97297185260735	7.58318242704246	7.77058255905559	8.47821827753432	8.66279387681354	9.45689607035341	9.09923233813018	11.7916676973163	11.8458200389477	8.52486227691793
sample_89	8.12099226403469	9.48675216924512	7.75661787205052	8.50008295346698	7.31374193525123	7.18411557992437	7.73937203075732	7.68982478165188	9.97540525274577	8.90954704772443
sample_90	8.17766773531858	8.98479002623412	8.17767810574715	7.303109758329	8.63261725781447	9.94937181599957	8.24842189249223	12.0894343790793	10.3311318858919	10.492021800856
sample_91	8.47862096588642	8.28975761778308	8.83693826140454	9.88985571632501	8.13311963431597	8.79580741283921	7.78473581359928	10.1086658650888	10.5926854283174	7.86478451123776
sample_92	7.62491984221394	7.04943180954732	8.65210826217527	6.90815025690499	7.63519419495613	6.93999082028735	9.83746579558993	8.95180387471437	6.23668024692123	8.18058408220567
sample_93	6.50571649706958	6.83627505547669	7.01010917316375	7.59671121577832	6.46591043890617	8.51486781602608	8.4414278755237	6.03958118193755	9.09685490462844	8.16068814913269
sample_94	6.41273766453427	6.0150166886109	6.24133722343199	6.75288884652617	6.2912575580599	7.12236044197739	7.20243493020251	5.72412294879725	9.2430369294969	8.03576950062294
sample_95	7.85193413980759	6.84395795183325	7.40468461092315	7.6279340425078	6.40956562387949	7.32144521863892	8.43253077731734	9.13637927894992	9.35116906786095	10.1067463504046
sample_96	5.71620192618691	5.61715139414726	6.0825308999036	6.76221291113847	6.26241641611529	6.59928856567767	5.80053289003144	7.36297747337217	7.30044458788132	7.59139343755461
sample_97	6.21826205535429	6.26049290808053	7.21378514172636	7.15418646077613	5.66543004005475	8.29186197806553	7.40732711599582	7.48060223303009	8.63640972983439	6.52651460709945
sample_98	7.41262103310365	8.45544940135597	7.81297343652076	8.68973668390379	9.04553373466115	7.76753338062925	9.15006158270832	8.0965348504599	9.98748805421829	10.2051353077911
sample_99	7.13849329435469	7.57029153219781	7.51217988499443	7.95755416893375	8.02348458067478	8.839198671206	7.40522980021652	9.1075187998707	9.04578923035317	10.5416199366719
sample_100	5.99383251791966	6.56344426344958	5.7684470965192	5.17536350150685	6.76286513800077	6.73658240496468	5.96494418465627	7.98573575577119	7.58403256260616	7.28346943065635
sample_101	7.10779736415657	7.28195272590496	7.51966374390403	7.80366801443792	6.81219663461873	7.54234182159594	6.6624839874607	8.98978029270265	8.62197886255633	9.74535954668411
sample_102	5.36183129998236	6.48014443317435	5.35905635301043	5.5309220572818	5.8477455356534	6.39583183759292	6.90351258869308	6.58721317563364	6.61913090965426	8.20651156486061
sample_103	8.20757040233178	9.01470416859604	9.0862440673346	9.27132713717763	10.0078059812055	11.0611456478417	9.05210039147009	9.65749780279001	11.7743500031876	12.1183706445471
sample_104	8.39258130312827	7.8013246378496	8.68001987262139	8.83095969688784	7.91364052476061	8.69062648949445	7.92501408530074	8.48095934952844	9.98098098598253	10.1579140890099
sample_105	7.81771340693543	7.87721378857236	7.70706076393527	8.33183486908898	6.58059545601444	7.63645990068596	7.86571095685943	9.0996845581827	8.0824556137481	8.6707025976257
sample_106	6.35696174650286	6.98420487919333	6.64192683821862	6.49861395315216	6.48713618308804	7.11112583257915	7.30248706048384	6.8445855053699	7.22988887151743	8.45618949590282
sample_107	6.40218179428107	7.87026544811239	7.47824697436117	7.42947707391062	7.14170168700672	7.8575134681608	8.95386898531213	7.7493253949634	7.12859045192199	6.32063846119672
sample_108	4.82870104384246	5.56508496127579	5.41996664988293	4.85576772730438	4.77002380486195	6.3487618873645	4.91807843454158	8.02751440656308	6.26165716115149	6.53704187792507
sample_109	7.32386465947007	6.16571825624819	6.07944208402308	6.62914406589944	6.9542517382321	8.51628460427174	6.36867557701797	6.53389536321755	7.0901459032465	7.55197413275899
sample_110	8.30610182444912	8.81267136061107	7.98435591513558	10.2659048487872	7.92172168507978	8.510806016074	10.6535338774964	9.29666135861548	10.4438964634419	12.1044908798117
sample_111	6.16280668199773	6.0239299942258	6.39638836931067	6.32870149051346	5.94022524243882	6.19603957628983	6.43360466467722	5.95407057250516	9.74162287402508	8.4674573997911
sample_112	6.823111344655	7.56653183028214	7.47695303468737	7.59227231993064	7.00456129183807	6.24864146170686	7.94222438600472	8.82351502134902	7.17495620349792	9.23189783629038
sample_113	6.52071875900975	7.1602625947179	6.70963550233007	8.45162725319938	9.15841332750403	7.0377787714829	7.01205670057571	8.71315132427647	9.67066806474218	7.78525404127536
sample_114	9.20986890777366	8.92379492523255	9.0812184424005	9.03319832329712	8.7931408365799	8.16801536726081	8.58961952050132	11.1033947857601	8.54642989377576	10.1768655261456
sample_115	8.65965498187608	7.35289229004083	7.2772506251928	7.81953751657825	8.98151704409207	7.34727301795448	8.51342022387724	10.4041622221429	10.4360945683413	9.21683786751431
sample_116	6.19635192967935	7.84664070439309	5.82310300283994	5.83992069557441	6.28842227328133	6.07395843435252	7.63381400078178	6.35554598178888	6.39453844199709	6.21204895548302
sample_117	6.68155858853319	6.34321784330356	5.22848603980198	6.79894470621934	6.61281760344915	5.84033455859222	6.43362425116498	8.42493454203133	8.38928531736677	7.05126161086831
sample_118	5.70042182845363	6.62798371947579	6.95939576481855	5.20867690902391	5.92873376370779	6.25822646207516	5.62592730215241	8.05177778259484	6.54111314492945	8.73768345411396
sample_119	5.49254555348187	6.22406420279864	5.92280454412887	6.56812108301385	6.8441027889974	6.5091265563235	8.69886327036793	6.65195274977622	7.54892361422144	8.7483563328462
sample_120	7.53034254319273	8.11358126689572	7.46659804873822	8.2222133954727	8.42098734929664	8.0175871765664	8.49335728472077	9.38086407742806	9.6529160189994	11.2462684627225
sample_121	5.86294369438512	6.11896504652982	6.03618850495879	7.24370165605896	7.02569399908012	5.49242122280221	7.21539640842868	5.86727598452064	8.1980417645295	8.01528008906613
sample_122	5.80993066099269	5.64802822775975	6.5919676871755	6.63018274198132	7.41678020980592	8.19400998513656	7.79124367019227	8.3794464615331	7.81810916732472	9.38254935960748
sample_123	5.25457549737663	4.84949841492734	7.75621116731258	4.96807421497332	5.12193425550787	6.41629587398191	6.21457969110985	4.22990625051782	5.89495078126846	4.76137844881448
sample_124	7.2726825175293	6.21671191585406	6.33171896671437	5.92747435069751	5.76039330413929	6.35743646166822	7.66296725601291	6.32853759565056	6.64482599214146	8.17593219470701
sample_125	7.10817100012306	7.84704135144884	7.77153914983034	8.74409486597834	8.74192715061519	6.35950257962801	9.42140471255184	8.54300660049934	6.58623343519682	9.84557123765555
sample_126	6.21050933137168	5.9625958257812	5.92051681224739	5.83571546421069	5.71825897961403	6.92872743161667	8.84868765398475	7.93889997970105	8.52465412136045	7.78737496558704
sample_127	7.69074282900862	6.05576613623273	6.60268274871052	7.40086728877222	6.69933406638842	6.52085225773254	6.85027370419246	7.79560740723513	7.35372277762547	5.90746936550933
sample_128	7.32164489768414	7.61282570258664	8.0596641006769	5.46069559264312	6.56776367065807	7.20468342443674	5.51259548114096	8.83070093820968	8.20424818364679	8.07738570532504
sample_129	8.31775460201351	7.28092387636954	9.07504849379175	8.83255109684021	8.47663639598206	8.95188134141834	10.8273844447137	8.24433421188206	9.8421735180284	11.2222228344959
sample_130	5.17294885796363	5.62976666085067	5.190393941851	6.77952076566448	5.39359615795443	6.34817279396985	6.02523833064796	8.97145765729853	5.42840928137999	5.80153492802933
sample_131	5.6888189967991	7.04996030408706	5.85183985222125	6.54579782958653	6.34734980319714	5.68709413647719	7.33150482468061	7.82155140516751	9.13414530744657	7.76465575115886
sample_132	7.60657311355726	7.20080096628618	7.79270959264555	7.11530665387268	7.70063518254326	8.33524328559024	6.32055139439573	6.71073833879673	9.37334199349366	8.50434125807019
sample_133	7.03622658731797	6.23256921588401	7.79976616002386	6.54940555108747	6.57692665469962	6.80916845344178	8.29430692133983	10.2753751805426	10.2168471182328	7.72231490848746
sample_134	5.51947917319899	5.60107424541614	4.95427830079716	6.23369671339105	4.45482202985935	4.5100602149683	4.90924389044664	5.63114131990566	6.9161249273306	5.90676673531955
sample_135	8.32802392585098	8.97033906194751	8.68075869324317	8.29124757135915	7.89797053713453	8.16052835088711	8.29835481169974	9.73877505541997	9.08086146721573	9.61199433040288
sample_136	4.68455612799178	5.96014242930763	6.31071623248478	5.00776052404417	4.76503643633041	5.65241844981286	4.85159067784279	7.05152139629033	8.69729747588373	5.92482541518449
sample_137	9.52683485869037	9.75629824947882	8.03602451492026	8.65464368635001	8.93555180544673	8.7276440208841	9.11955978613779	10.1215660509385	9.99151678293365	10.5645663247031
sample_138	8.5238125335584	8.18255426847981	8.45613235079218	10.2762620761107	8.91590625893451	8.68462610875729	10.622718882131	11.1325090886336	12.6215486796878	8.08077253819395
sample_139	8.53904393659297	8.41308938066041	8.36877959632158	8.21639589238969	7.91864615198265	9.00706119950913	8.77247691664181	9.5323934038837	11.3699003863473	8.83795002053504
sample_140	6.72683250875561	6.37089698187718	8.84188746582372	6.49642657584036	6.02578977827938	8.18297554631558	7.00381376049962	6.87305625978765	8.19178728419797	6.70971300295261
sample_141	6.34986273138894	6.5925382689554	6.09469840446361	4.75990016812295	6.14037220471918	6.40057820341446	6.77311514321902	6.04195406750699	5.45952337031435	9.42186555035985
sample_142	6.51375444515393	6.40644079447135	6.42533486761899	6.62519772129539	7.52527017865135	6.47606064227409	9.85686105262425	6.12442700425275	7.64835951621887	7.86709974427399
sample_143	5.41211604648534	5.65179445104182	6.12858578605896	5.88474145263482	6.33453844234966	6.85298831344933	7.38664767777803	5.54940529469582	7.59767448425023	6.63987025989544
sample_144	7.28440270078957	7.33706832145003	6.54778248520727	6.73886483741656	8.31726836579272	6.6662031895213	7.27466517831867	8.60729358399555	8.51271024846679	8.98634463707841
sample_145	7.55669466396112	7.75120970769028	7.64445528208592	8.37127572339566	7.08775815708554	9.94611726673227	8.18085657527474	10.6171663975537	9.10971089916736	10.5281960905925
sample_146	7.1436789873298	6.89456066645533	6.87102339940915	7.25298132822417	6.52386827675182	6.51350648020467	9.07641868130587	9.56314262038594	8.23834071853152	8.78102197745143
sample_147	8.27140959497386	7.19387822502514	8.13839665890246	8.17710183907034	7.07219955400838	7.4939527702187	8.70189501245125	10.7504908373928	7.294949466789	10.4704178329124
sample_148	6.30701071362884	6.23273378983005	6.48502998773481	5.95250121226893	5.75451498288322	7.55720966748181	6.05962095138928	9.50149980880422	7.81358171333819	7.54682982098663
sample_149	6.16594834784257	6.31605367064115	6.59273404346308	8.75168595688286	6.47796204312288	6.43943648096129	8.10708475031797	8.71162135445374	8.35061260987286	7.4913180218629
sample_150	6.67584828684433	5.97116256648443	6.53849694059795	6.51986407685112	6.84441677530499	6.60548386658279	6.46286800975504	8.00951828466822	8.93120398051018	8.58534933220398
sample_151	6.00042483034694	6.15078328293308	6.64571049943209	6.81140507620978	5.43556075690136	6.80114148102661	8.23876062270763	6.38736123803253	5.9719640989916	9.54054151973683
sample_152	7.05597221794358	7.31378807017633	7.86511702815729	7.02580939714956	7.39321855765522	7.10913711908324	6.66138561721694	9.16293658518123	7.30600625690782	8.85476688449943
sample_153	5.3825003640504	7.0570768642756	6.62455302531683	5.49369604953408	6.2460226103819	8.59322140305246	5.99969457367195	5.946995988023	7.45139762134689	7.27096594888219
sample_154	7.8637466816757	7.71671564665526	7.4993834015321	7.89395328879177	6.70097290988015	8.35764556235578	7.91107935764034	7.51228542596495	7.64122166360316	10.2962248074413
sample_155	5.78961838807584	6.45783522781051	5.71425275948992	5.82299879002785	6.87730988984354	6.84666897751429	6.88484272339308	6.02900422633991	6.74820913247635	9.42877557886961
sample_156	4.11836506687091	3.53352437272013	4.18964943183041	4.38990414078006	5.2141472682623	4.49295825783388	5.71079730431755	7.30279337663137	5.49370218197218	6.83108455395747
sample_157	7.62593784958386	8.06976942818486	7.57426362969649	8.22424433969371	6.42477139692637	7.18100897766364	9.08825829063346	8.32656233567751	7.70505606058157	8.98390307928606
sample_158	8.18240246894369	9.00887488206003	8.42356071844356	9.28483338104284	9.66923676016224	10.4583795325942	8.89358131155701	9.40493989796868	10.0813323556468	12.5603161338809
sample_159	6.49461075719852	6.49269896980356	6.60697249917187	6.91435788504838	6.31189268543161	7.99555299821584	6.82002471580338	8.74608322168647	8.37727857850138	7.02165433401081
sample_160	7.31044814249252	6.65753060667951	7.0145396498918	7.52714896939652	8.32974102169666	7.22197889390145	9.66779002076377	7.0374280680833	7.22310939090044	9.94220226957243
sample_161	6.47459658569539	6.43266815111007	7.61477144165494	6.57486807218455	8.23490246205687	8.80937833168458	8.84382338586068	8.91748599644231	11.0383939513487	7.13701094096043
sample_162	7.19316931973925	8.09943602340459	7.67871421262592	9.41458868502646	7.04656112065897	7.60061112295993	6.56041615437442	7.26397596780903	6.28223442313841	11.2593814064252
sample_163	5.49849168125533	5.15014226866662	5.90247657930151	8.05344757082251	6.06572441068465	5.05246610392185	7.53170265584774	4.88431159650611	8.1898068199541	7.31489899793203
sample_164	5.74938000237603	5.91108224288428	6.13431614255675	4.75733942742542	5.52104319313163	5.60424591187039	5.41715164617185	7.02912764981667	5.40545017165403	6.36863407254718
sample_165	5.34970152381945	6.45657953527673	6.5739676855171	6.22376170848534	6.11592189340918	7.85070680269749	5.92906925710972	6.34967893997687	8.12685915042667	7.29118048267948
sample_166	7.20438703592025	8.02972593988638	6.78206696937285	8.23842135661834	7.80842096826802	7.82971859259498	9.59868259124712	7.66512137536323	6.84585300794176	7.7383353350578
sample_167	6.06890307874733	6.15876226854344	6.40109066972142	7.0079341685065	6.41222555418421	6.43990015353577	6.06106240247914	5.94291864499116	7.33998387646201	5.69194077704408
sample_168	5.0269758433033	6.18769645910541	5.36811988243341	5.7288522595296	5.18249457948524	6.71414095757354	6.60032505951117	7.90480161412419	5.13747515284968	9.15978248507221
sample_169	5.984831998393	6.25871230430215	7.16210200477073	9.11008859601108	6.8394142582482	6.8987359639103	5.87296295439709	7.90819213200984	8.93420394399635	9.75229818168413
sample_170	5.40162982944868	4.46343965997246	6.06412822094008	4.09023471675495	5.30171911272863	5.27401081831105	4.9902831327375	5.48617183447674	6.5346342906235	7.03736078453813
sample_171	7.83725515110013	7.67117909304389	7.17843505042295	8.05498794324265	7.54658730218622	7.3570841851978	7.41837230683682	7.30132746037406	9.16268655074951	9.16383764034515
sample_172	5.76061147278484	6.79357342605637	6.66478028526836	6.89822914736299	6.38031354161108	6.9733726270672	6.75360765036805	8.94349303976113	10.3070305821534	9.31146660668362
sample_173	8.28481343594034	7.57293534875631	8.07611449956569	7.69147140678798	7.69922800812667	9.75842227854121	8.19529125550182	8.03702992414037	7.3426779492172	9.72620332239501
sample_174	9.00984211512851	7.31316963624176	8.0761897288617	7.8312230505887	7.45124538900003	8.11990056030303	8.31785459282783	7.94060579527456	8.29162435264576	10.6338638227411
sample_175	7.2978536722509	6.89829039440476	7.19076460484691	7.72483013297804	7.47161595432465	7.34889830288059	9.28150890923579	6.99796683289433	7.28611030671248	6.83861354937018
sample_176	8.0846091068684	9.46034743703414	8.34220441795885	8.83429694035672	9.20042938654461	9.14292289691756	7.61913978244231	7.93973655370734	9.85937320876841	9.9319993899393
sample_177	7.38027360352746	7.56612215502871	6.640259122923	6.46557784162025	6.94700828240592	7.35879509684085	6.07810871422719	6.9472453281081	9.40913673852531	9.71287243013028
sample_178	6.73336766018082	7.48441413801272	6.42389324465937	6.79552020183724	8.4146097904056	7.41755952758949	10.280093053962	8.10148620147568	7.10363755868744	8.74276049157291
sample_179	7.7578830160799	7.84840193112244	7.57570518477819	8.1670245930803	8.36942632861562	8.13503943435841	10.5400203462945	8.7035756336712	11.2625964605011	9.35993827958104
sample_180	5.80787397178247	5.94569333919974	6.50423579946289	6.20631102634518	6.3250243607034	5.62504951392982	7.33258902346608	7.64952080704663	5.92448265840838	7.93053192575295
sample_181	8.38925275639217	8.24598625208742	7.97075208661347	8.3521591982596	6.89890078773331	9.51131560634594	8.32344907997996	9.43819270298206	9.83646363321479	9.65263761517994
sample_182	6.56868182140257	4.49749339677145	5.72435336800985	5.52120374428049	5.30766740719608	5.97588013711958	6.29813149483108	6.75040603121128	7.40875703273301	6.4904669136974
sample_183	7.98805840895357	7.93708828394064	7.22143295159855	7.91797478068172	6.37519158054808	8.41632458575481	7.27255279833813	7.14155039715165	7.6054755918137	8.60482646502528
sample_184	8.07686380381551	6.76767354691053	7.61576934517087	7.75575536245126	7.88788341523713	7.07590467395605	7.166952884077	8.74916782067636	9.84122206451404	7.28912778588266
sample_185	7.34281331163633	8.4668418736905	8.34662016874222	7.46020273930922	8.10824019867023	9.17203732908507	9.32761738020857	7.64616138770936	10.7152484877784	11.3438122685731
sample_186	6.38029000189663	5.41309826867225	6.42417389003319	6.69665147032276	6.74272796457954	5.35905314116383	10.0111189942285	7.00478700786923	7.21120941034827	8.15202448495613
sample_187	6.27805843332165	7.08172558575895	7.994162138069	7.31580097700119	6.98783078873811	6.44798834783255	7.43082190654561	5.83668361288451	6.35289626449559	6.47668400531051
sample_188	6.71417713084875	6.81059930490815	7.07349371463473	6.74430730892048	5.60057804776229	8.14173592315524	7.18074549641622	7.35475319830571	6.65721097367314	7.37568218708592
sample_189	6.29013601925027	6.66297792946409	7.63984698223336	7.46343153105822	6.79585528491646	8.14981787864926	7.75945097345819	8.92029528990212	6.24049893545814	8.83498072214915
sample_190	9.34122086468751	7.95912704472874	8.50452510615497	8.72072916516692	8.13951793857327	10.1034569316444	8.51509688757676	9.26268923845802	12.1672081941323	10.4665673847532
sample_191	8.66258877056335	8.39130670695672	6.57488735222962	6.79244954189311	7.69660924850924	8.10345397485309	7.12579887719912	7.34854753557065	7.15907662181063	7.69186479811964
sample_192	7.10900821901975	7.30600121370771	6.64839955155552	10.9782923498799	9.73054022345055	9.3497535422091	8.18244522726359	7.90046690970214	7.46303852908089	10.8156017811983
sample_193	7.95429919214561	8.41889518253196	9.16317284621154	8.54532275388645	8.51372679492299	9.76143631719884	9.09619040942499	8.40086671159355	10.189725125937	11.2205404462146
sample_194	6.93469986083593	7.26996718621184	8.22576815314472	6.70792406567338	6.74021459105425	6.91324327366977	8.87161866710333	7.05031330525151	9.10725716540384	7.6432001766082
sample_195	5.64878191728403	6.03296017317628	6.24073521504423	6.65699675442309	5.74664566174628	6.41864265753397	9.43131286268153	8.01487676702481	8.27988902460638	7.36112884418943
sample_196	6.42454237771372	6.8439973608069	6.62193875783698	6.96823546634383	6.53556736081358	7.22874437598815	6.62181816615639	6.94482954625051	8.42348313247729	7.44923799164668
sample_197	6.20796872875401	6.15415300483834	6.47663931135136	8.28441856531589	6.95897059720482	8.43365477945333	6.20702451587845	6.92657168023158	5.97127676228085	6.76931104286715
sample_198	8.53233322278441	8.32089589410077	9.26235098598558	8.1287374757172	8.88690988375391	9.14377678704648	8.29416527914463	10.7562954514724	10.5356459904227	10.8960642816507
sample_199	6.59293706861696	8.21581762059925	6.19141048309649	6.4297039822685	6.85523550357331	6.8090136003057	6.65278900927245	6.81507943584208	8.53431309447484	8.24622317119889
sample_200	6.10119700970755	7.18936676317321	6.42829282639733	8.01370771475898	7.53504019416869	6.43163324355967	8.18142895751979	7.2246353453929	8.79881919459406	8.11952942422861
sample_201	6.19978857968863	6.10609961359711	6.45914899505756	6.37405063630226	7.11743705354299	7.41815815456488	8.94933480800478	6.18131714313026	6.32107081725568	8.13290157751711
sample_202	5.28518914421185	5.76747448741779	5.90177389566632	6.61658460538283	5.40671970975191	6.90277597371121	5.70704276945343	5.19579003836455	5.89130981647928	7.25385644295686
sample_203	7.27523969924234	7.5767410147519	7.02890162502597	8.00084933288134	7.09997178759947	8.90927938032246	9.01305841946603	7.9019567324904	8.37482861463285	8.78906620348143
sample_204	5.92252787499793	6.39621816608173	5.80797317621971	5.20526676999874	6.24710293814524	6.86505990242716	5.35204111605983	6.21235997332222	7.12035572735628	10.1530808174875
sample_205	8.1968378076908	8.08945716782558	7.67792846268939	8.50191542219761	10.6827393877255	8.44693925988695	9.27802640407467	8.87135725827043	10.2425652451208	9.7936846598106
sample_206	8.02438038103646	8.34928473101555	7.57594696767796	7.10510666814889	8.92066587475689	8.21322950950332	10.0561625478669	8.21648215565148	10.3609842024349	8.61381490167113
sample_207	7.16551024459982	7.25810705154689	7.45240768529858	6.68915907588325	8.05832156675031	8.04251642514485	9.42581758220162	7.24720074694965	8.64691689513422	7.63290498296972
sample_208	7.02608826744278	7.2702041061389	7.19250749457667	9.14981435314119	7.29229862333573	6.86415700995557	6.96961539057928	7.22351505962621	8.16548280636933	8.66793591754094
sample_209	7.36613194652274	8.27382491781464	7.01553076565924	7.1191007593261	6.6267384693764	6.93925914690017	8.92549814145411	6.43488643593205	8.63217725622029	8.07705171456642
sample_210	6.72405982526087	7.32204141662984	6.75219160161813	6.90753617027256	6.69896180550882	6.76443325485367	6.95825783468726	6.80570673373595	10.2527996467165	8.61860901217994
sample_211	9.09941989388729	8.28192601061679	8.77678620291967	9.32634419454662	9.97007842715954	8.58136566978289	9.86964194616765	10.410668236843	9.18754247713838	8.68297010419104
sample_212	4.93467426833459	4.54851906392128	4.33074506380426	5.47570327717225	5.25507299483665	4.72557184958025	4.64263197980145	4.78573663175118	4.36127065305725	4.77790317357913
sample_213	7.59051332349215	8.34859805183051	7.86558781490686	7.3429037545486	7.78337320302372	8.40055498485286	7.16533436988442	7.90849618788617	9.34323902540732	9.95792417361528
sample_214	7.13571037982228	6.65723166552378	8.63456681658337	7.17418892222353	6.91264403484297	6.97149356430537	6.92319769045843	9.97984671217853	8.44664172191913	7.11953760632184
sample_215	8.3491427618676	9.87279342608198	8.25435092556095	8.72760818056245	8.2334981150465	8.65638663045009	10.0910612423237	12.390834504585	9.75425172221848	9.58027921682209
sample_216	8.04329928552189	7.68554239010165	7.77551111395764	8.74706774186592	7.79115961560235	7.53224235590155	9.13708697949355	9.21351251688802	7.54824207689559	10.5374574612028
sample_217	6.86956151734999	7.21962705325937	7.63999460267506	8.45445548190265	7.7401734757597	8.55542784726803	7.17943578538409	10.3386463466216	6.9621557502459	6.90900067150891
sample_218	6.67086670046176	7.47969235346927	6.38313285679703	7.67443725343788	7.90442941417636	7.05757269134615	7.45691659857692	8.030019654258	10.0335995159293	8.53055250343377
sample_219	7.12804818213847	7.73295871929887	7.68362094204009	7.96627924669573	7.12729099119969	7.61267603004681	6.93415394083422	7.24761335151376	10.2175862312653	8.84906121595092
sample_220	8.21321282731924	9.74220707737996	8.30340787433198	8.57319764507839	8.48692860015573	8.95321196728394	8.82832927921645	7.62519677833351	8.91042097111829	9.41221227250915
sample_221	7.94590441476718	8.78032763343429	8.34407274278605	9.5129434049878	8.54607849850211	9.35493851339607	8.33212301294603	7.95139819234882	9.96314963874687	9.9968585629695
sample_222	7.43803722969104	7.40134765379929	6.8625820639115	7.38147495057841	8.46601378574903	6.25406350622991	8.75858728790456	8.72052406829967	7.34631647647107	7.7929764475758
sample_223	6.8647913843428	7.01107247209892	6.89730514196965	6.67683886043261	7.57515261247255	8.07646169029567	6.8718306911741	9.11150879553804	10.7382041986121	7.35745000913007
sample_224	8.40963542238429	7.7633739769005	8.27606271257042	8.32440712265759	7.60895598127784	7.29978476197648	8.67686759251194	7.61885811899017	9.18511516540175	7.43161331982043
sample_225	7.27861275032015	6.58914821733757	5.75716745595829	6.54486283294811	6.65021294326262	6.36948328449874	8.32770029635358	8.55569410188494	6.63900311651176	7.42422046422514
sample_226	6.43622015601134	6.80583319782245	6.20409390851252	6.65100669984815	7.04304018074768	6.80957252704465	6.58424637218414	6.39849932404921	7.47879445271667	8.16332965587303
sample_227	8.70759530865847	7.85255387754647	7.56640481553271	8.18297162217827	8.84306092774185	8.29317691557963	8.26735639585218	7.98980412569309	8.05522027854614	10.6014178609598
sample_228	7.45475622191205	7.26049933768989	6.51497417153469	7.6903956077212	7.85199948131185	5.91776745231871	7.80745858718511	7.26332694705144	7.19075629906494	8.99723192204688
sample_229	8.70263096858789	7.28067828791511	7.26106741399722	7.4089314868279	7.82045385463163	8.29852840139391	6.84658164960806	8.45951673150249	10.1791389456282	7.83715820150448
sample_230	5.73391088373415	6.72687119716446	6.4207619709778	6.84993609280516	6.63990414683912	6.99760810572935	7.20878467731226	8.27597988572896	5.88707606834876	7.06844527661134
sample_231	8.32250004849355	8.13476523442022	7.47472815063766	8.06632803341777	6.61440940238827	8.65844663253439	8.92526234301839	8.47705896562623	8.08558880073454	11.0146928279433
sample_232	7.53781643756823	7.40478882392856	7.95990297420422	8.47793529342085	10.1393191251736	9.40475472268423	9.37161538259384	8.80569423808845	9.65797228585696	10.6815443177557
sample_233	6.9911441487232	6.01892196427534	6.0622142085764	5.53819696869886	6.84519857444413	7.24336474630282	5.87895779893214	6.07401819931385	9.09812940164939	8.39520516230033
sample_234	7.72664401408307	8.56715223040883	8.27965133205432	11.6892652562439	8.70628604984688	8.76690353353919	9.24172413980583	9.29120071179998	8.10118136143284	8.35000192025536
sample_235	7.4919555458549	7.50742184898161	7.24430388399713	7.40018892058562	7.67191644777583	7.52791140639334	7.73428852201112	7.96439225856599	10.8587964561004	8.37432597741359
sample_236	6.0979326908428	5.62781016617584	5.84546683047293	6.25139682824499	8.08724160987231	6.39525873278088	6.60410499212121	7.22347418559403	7.36963311486905	9.59125900406443
sample_237	7.50693300776937	6.43424218641946	8.36331758115275	7.62628370996697	7.48598553688301	7.04713765839683	7.54418981678305	8.67931963000115	6.725468510941	7.55001139492106
sample_238	7.07455949365742	7.63389556804526	6.95083215121688	7.35212018800614	6.05996552378216	8.91153728036179	8.4013461512881	6.77050768593701	8.27111973213669	8.74427131016318
sample_239	7.56655297172901	7.82571994005038	7.7423047096982	8.1829633303642	8.69354276321937	8.58377936093364	7.74742981976918	8.33917059432216	8.30339469356134	8.97525623416447
sample_240	7.07370273209498	7.06751334075225	5.84048439341111	6.89537377432177	7.34891390079708	8.55133569449558	6.06647487271257	6.52127684294708	5.95046460651906	9.57026361151013
sample_241	7.96721398789542	7.81930553490966	7.82215208580137	6.96722784767053	8.96652173560446	7.69796796560564	7.59448519857536	10.9264271604892	10.2931506798822	7.35826227287302
sample_242	5.56361719680382	5.84256980274264	6.97569151088822	6.41755481359772	6.26180486709056	8.11945754645914	7.11391720257532	7.84201634597825	6.97433537605223	6.74931424937611
sample_243	5.01205168729818	4.67461622282473	5.35381251129879	4.56318373582346	4.80178462329149	5.44395366343643	4.25793675937845	4.89430384958132	6.13441900606471	5.92538484532633
sample_244	6.68082045368399	6.79012984246395	7.237924211075	7.33119332009252	7.95305307685311	8.65778346392428	7.82411234311833	6.49778045244572	9.11719930899561	10.0234518671698
sample_245	7.63350439553284	6.56544352392011	6.89297573358859	8.03924391709741	6.77728282608224	7.21736839184919	8.99220648225327	7.90995325782574	8.23608310272963	9.27594543665977
sample_246	7.2303264978889	6.42529237935749	7.47800762967599	6.03286985015245	6.27923235644211	6.32249501944205	6.10238467106377	5.52972764586582	8.1680747682284	6.04502558685428
sample_247	5.69117070403382	5.74994508209968	4.73269143205742	5.55219306851815	5.1214577786825	6.11621203480301	5.26279166365222	6.13459050958576	6.22232854485256	7.24912251757542
sample_248	6.55790730104443	6.14789074952994	6.84245876464771	6.19163922965864	6.8270569076546	6.97699137204649	6.66577467611747	9.38919527154191	7.31284097282753	8.88632304438678
sample_249	7.86571595633528	7.84448829751865	7.72948876253604	7.80728485005233	9.60776246913446	8.25536225374498	6.97495389756841	8.84740472730087	8.18714339486376	10.1821983755675
sample_250	5.77318627792623	6.1742197730831	6.03476367342539	5.90619709395167	6.02014976744238	7.98799351596156	6.20243868800818	7.00590674882054	7.14998117839887	6.74669854741442
sample_251	6.25102811895562	6.44015309297046	6.40174696052385	7.21752503255623	6.79910716214931	9.30251488560249	6.44088159277704	6.72254361997516	6.10380331430152	7.45789722613162
sample_252	6.72761587921319	6.78490931579874	6.65611942823916	5.70468206156001	7.15335049910577	6.91484338161656	8.99314236831311	7.86883106408675	9.43775408319395	8.0309422107274
sample_253	8.1347621716314	7.70200270874867	8.60003849447168	7.4648144793904	7.21720598750975	9.47180511449847	6.89855738755284	8.39720980592682	8.75366095715147	9.14985608233111
sample_254	6.63997034914108	7.73828733300699	6.83420575203389	6.7037173263633	6.23829173874659	8.48702765720201	8.69870171887492	6.75855364892956	9.69139261238115	7.78265547556757
sample_255	5.82327038492329	6.01505991085188	6.01257808344597	6.50674027647195	6.43261435446816	5.74209365843177	6.25070297001861	6.99030609323708	7.20531882084777	6.22355552069229
sample_256	5.82290787659165	5.66331266900158	5.60063486949228	5.80241577585608	7.75346681053561	7.54733864382044	5.8195588220284	7.20976578381556	7.38139489054133	5.93085721735869
sample_257	7.77768911405543	5.88308150595939	6.6033480905996	8.72052158053605	7.36891451318682	6.7387794444523	8.909529882894	6.21552532441481	8.84489255000369	7.23211161692315
sample_258	7.09449560752907	8.19347360379566	7.33970304623206	9.70091802485508	9.07544085637664	7.93768848135355	7.69346660461208	8.8547501494571	10.6274634107061	7.68434669806075
sample_259	6.08144236307441	5.10538341201735	5.0016187510113	6.28300902553079	6.31977393246766	5.45636583658084	6.8561788612611	9.71372173914877	5.90232690718874	7.48046005072955
sample_260	6.59830585972077	6.99661007935952	6.14035642656938	7.08680815114328	6.7582668832299	7.39359674991965	7.33747337417064	8.20209086729958	6.62978939329602	7.74412099194336
sample_261	5.66042836539438	6.54271628832646	7.09884457947119	7.4796828833302	6.42467446782373	6.89492492791127	7.95582111683348	8.03989805340198	9.17147136986217	6.94396621219016
sample_262	5.90828246159443	5.9965629593146	5.49499470653948	6.72200698085165	5.58152130909947	6.57927045077123	7.11993616097893	5.84464352999662	5.68449271101315	7.25593672568272
sample_263	9.45296707993805	8.04242814802197	8.54596905554655	8.93668074286964	9.01633165284406	9.66828800977755	8.03676357652003	8.52194121489368	11.1940749043199	11.4091278841041
sample_264	6.45165410746648	6.70601286314378	8.65875395042175	6.94930078176911	6.70265294871465	6.88257745732227	6.82878072152174	6.40989793279799	7.3240714785961	6.55611219949601
sample_265	9.64378160155191	9.83798406087189	9.66507316073759	9.29742123797236	8.93140768358618	9.62443261442122	9.34593601244931	10.8474020166562	10.4992598889942	10.4373029655164
sample_266	7.72103679927716	8.03164434325248	6.9620681110314	7.72461617503677	7.98984528721811	7.65101046416716	9.43759903723609	9.70465479911226	9.17055336370846	10.7851464815345
sample_267	7.11446090949052	6.87911142030169	7.89759527618122	7.37346261288124	6.41051604760911	7.51446984548478	7.74484093500489	7.74912508625851	7.34768743478185	10.8376583197062
sample_268	6.45018154346796	6.92569195098367	6.75115240720415	7.96005429097049	6.85668404437347	7.06709388082614	7.13289929755363	7.1956578952354	9.78645432898753	9.87846830988807
sample_269	7.92406536346173	7.65712394745838	6.79124510735572	7.33488933780354	7.23765135897597	6.88603190437727	6.91106657994922	8.76070397529004	7.00283246109484	7.76367988104695
sample_270	6.45466393694234	7.02349722837424	7.41992273847503	6.17798598242933	6.37268549755364	6.60324664252839	6.6011803201789	7.22085716395287	7.10312643828595	6.31295645294755
sample_271	7.42271671802021	7.90889587820545	6.67534366595249	6.69629729918837	8.18395913539935	7.98309414715275	7.59224455947731	7.62071781482678	10.4934066436264	10.6693991945639
sample_272	7.85500127898601	7.12551384392538	7.05536008564451	7.96828036169635	7.2023361674639	7.74683013564078	6.45604541058222	7.87883731349267	8.07419788321062	9.51863583596768
sample_273	6.23896122392517	6.80173408064912	6.43439026277666	6.45921100336114	5.94764320454911	6.92592816524197	7.88288207060615	8.65619141224942	8.03658596726829	8.24050092986984
sample_274	7.35188236718013	6.86994342031122	6.8864698411508	7.86398792615583	6.50750979758638	9.24989984242082	6.95492822069579	8.87495768365098	8.54129541922713	7.01626034313973
sample_275	6.11873003238818	5.00656044307332	5.99207083824787	5.62869854791973	5.69044454188213	7.45170947432615	6.23795871634224	6.83008974740021	5.95100465179227	8.93828214178747
sample_276	6.83325202026437	7.05402015584183	6.34158910515961	9.16063064862412	7.37911392063627	6.67618781025097	7.84398509168903	7.98964262762092	7.89412610318022	10.089627999645
sample_277	7.35549052198883	6.9241973172801	7.40327648571355	6.68662579410975	6.64885450175309	7.65589645337057	8.13030775885947	8.51410880939067	8.91632979675721	8.01135016415441
sample_278	6.10468364624573	5.78818847709851	6.61913253706317	6.26631670692068	7.9950665592301	6.82043565879742	6.69523185320277	7.05281240779663	5.74347998698805	7.36865096394039
sample_279	6.51175005894128	5.75058552007922	6.77615580907278	6.88447152425792	6.68090521997869	6.79433147946699	8.1187229917565	6.30570791880035	6.94254015496305	8.19827607161941
sample_280	5.65468244330818	4.82127884022951	5.3096503535638	6.13492220404826	5.43007094675763	5.58784391758921	5.68728343665456	6.54188444973092	5.20574967233147	9.40055766118663
sample_281	5.55144367153167	6.88145012512549	5.61938406449024	6.14950955838711	5.45815416147594	5.11636777750931	7.88934861996118	5.71867306183007	6.89295676182144	9.00821874335791
sample_282	4.13020296573904	4.69371555557315	5.15538217701388	4.9173215491596	4.42910944440577	5.78592917224995	4.55211886906675	7.101355750317	6.84557458565434	8.31289284427457
sample_283	7.22932177650161	7.31345659914657	7.69014497588755	7.101747121546	7.32002487513786	7.26582330744138	8.81100557975091	7.32242420983122	8.46531274929888	8.72277392862659
sample_284	8.05574144033595	8.61927513360065	7.69930367226209	7.20134968269174	7.382840775275	7.99768647306744	8.61823494808281	10.8627840668175	10.3689091095482	8.97245425091105
sample_285	8.18376572891927	8.6741128674158	8.52274158983613	9.46900562759506	8.1816984145633	8.42586483189162	9.59268937293185	9.83467085043548	8.22530097009203	10.3129062779223
sample_286	5.23731837203327	5.81422107746157	6.2319022075371	5.64977552304711	5.83457980986001	4.85775899662282	7.12279721347069	5.73868723589573	6.59183775794608	6.32005956556172
sample_287	6.60490133133001	6.9242055859831	7.25378970302253	7.16264932689356	6.64930626107046	9.67194988960495	6.81600553395508	7.06231295122881	7.63733283617863	8.03186571217028
sample_288	8.34383152833295	7.94287805794155	7.92033141283984	8.68121093018422	8.69931956513402	7.50663338947151	7.91629278844679	6.91984153478358	9.55402102378487	9.02525681845039
sample_289	6.06536121366037	6.03772271494146	5.43206651516637	5.16583856290834	5.90709507458496	5.55216033057629	6.30981966531673	7.6231960433101	6.91381926073	9.84468608698473
sample_290	6.15300530279222	7.49749285765859	5.51449448884242	6.71436662127999	5.94057901649547	6.49771110028289	9.5428999073982	7.48081323902947	8.38728402398606	9.67596765768313
sample_291	6.57934575480895	7.13813406099628	5.95505727503468	5.87679826565598	7.75955948123243	6.57484243048182	8.23386622466091	6.60775842984578	7.59298346066471	8.40877544138943
sample_292	8.75866602689846	8.12781857992827	8.89095295388058	9.4760593247448	7.31515685387596	8.30620486064232	9.02012898623107	10.518112983005	9.26578872131814	10.3455852961576
sample_293	5.90882370397049	7.48560903635167	5.86092776920701	5.42101483069979	7.16029294203378	6.64368449535787	6.06291785052432	8.25695678063577	9.78177896155744	5.45775079559151
sample_294	7.46714020988279	7.72097055888342	7.49917778222822	7.19519085960646	7.34047215522855	7.41395216305914	7.25952054362891	7.27221916870721	6.75121620929346	7.2020672310642
sample_295	7.13759600257982	9.43646820402583	7.9153264937848	7.16398572102215	7.40254963830602	7.13025449108223	7.4541828212163	8.65222081293513	7.75391928331859	8.95018434389864
sample_296	7.67291051182255	7.83828176144857	7.92365632342186	7.47182802755432	6.78608364304978	7.52942336523786	9.02210701093668	9.42490691079421	8.84697476228506	8.68892719533046
sample_297	6.14769484623347	7.43569476657582	7.5914484124514	6.5056565597012	6.31342511336435	8.58106871372464	8.792446599333	6.30383280628522	7.56669929870829	9.23462773962361
sample_298	7.83411120447282	7.61862973086742	7.45335349384117	7.33710587819392	8.29028802034009	8.92370185922893	8.26816285758194	9.91795500356134	8.82821810233288	10.625548566897
sample_299	7.53316641414332	6.91924598683369	6.60757097695462	8.24263128802653	6.80601309015682	8.70521554064472	8.15688505293489	6.16796883009875	8.50164235497866	8.41036235026847
sample_300	7.35504623114068	6.26576855367606	7.02713763791315	7.20237540865148	6.27738455924081	6.4589476510738	7.46843337143422	7.98328767672713	9.89761261119355	6.01318306736382
